133 198
198 133
133 205
205 105
105 133
133 84
84 168
168 133
133 198
198 163
163 84
84 170
170 133
133 108
108 178
178 105
105 198
198 133
133 87
87 198
198 174
174 168
168 84
84 198
198 133
133 163
163 170
170 133
133 188
188 133
133 198
198 105
105 135
135 207
207 133
133 198
198 84
84 133
133 198
198 84
84 163
163 133
133 198
198 84
84 168
168 3
3 133
133 84
84 174
174 31
31 142
142 80
80 31
31 35
35 133
133 198
198 133
133 198
198 84
84 174
174 198
198 84
84 87
87 198
198 133
133 198
198 105
105 198
198 133
133 205
205 105
105 133
133 163
163 105
105 133
133 108
108 3
3 19
19 133
133 35
35 133
133 198
198 84
84 176
176 133
133 31
31 168
168 133
133 198
198 3
3 133
133 108
108 129
129 3
3 133
133 108
108 205
205 89
89 108
