111 205
205 133
133 108
108 84
84 45
45 105
105 35
35 108
108 198
198 133
133 168
168 84
84 31
31 133
133 198
198 170
170 31
31 142
142 35
35 89
89 174
174 84
84 198
198 108
108 237
237 45
45 108
108 35
35 133
133 198
198 84
84 168
168 3
3 84
84 108
108 133
133 198
198 133
133 198
198 108
108 129
129 133
133 198
198 108
108 133
133 35
35 111
111 205
205 84
84 198
198 133
133 111
111 162
162 133
133 111
111 35
35 133
133 198
198 87
87 84
84 198
198 105
105 121
121 133
133 121
121 133
133 84
84 35
35 133
133 105
105 198
198 133
133 108
108 105
105 89
89 191
191 105
105 224
224 45
45 173
173 224
224 45
45 140
140 45
45 140
140 79
79 45
45 140
140 79
79 45
45 140
140 224
224 45
45 170
170 35
35 133
133 198
198 133
133 205
