13 105
105 57
57 44
44 101
101 70
70 13
13 44
44 13
13 114
114 44
44 70
70 114
114 44
44 17
17 70
70 114
114 13
13 76
76 13
13 114
114 44
44 101
101 114
114 13
13 101
101 114
114 70
70 13
13 44
44 114
114 44
44 114
114 44
44 39
39 114
114 44
44 55
55 44
44 114
114 101
101 44
44 70
70 114
114 13
13 101
101 95
95 114
114 13
13 55
55 114
114 44
44 114
114 101
101 44
44 70
70 101
101 114
114 44
44 101
101 44
44 13
13 114
114 44
44 76
76 24
24 39
39 0
0 24
24 76
76 127
127 55
55 13
13 95
95 70
70 44
44 101
101 13
13 114
114 13
13 101
101 114
114 13
13 95
95 0
0 55
55 44
44 114
114 46
46 105
105 13
13 114
114 101
101 44
44 114
114 101
101 70
70 13
13 101
101 44
