46 137
137 105
105 13
13 114
114 44
44 101
101 13
13 76
76 101
101 13
13 76
76 24
24 0
0 67
67 55
55 127
127 76
76 13
13 76
76 24
24 0
0 127
127 76
76 0
0 44
44 114
114 101
101 13
13 44
44 101
101 114
114 13
13 57
57 44
44 114
114 13
13 101
101 44
44 13
13 114
114 44
44 114
114 101
101 13
13 70
70 101
101 44
44 70
70 95
95 72
72 101
101 44
44 114
114 70
70 44
44 101
101 13
13 114
114 13
13 70
70 13
13 105
105 55
55 13
13 114
114 44
44 101
101 70
70 44
44 114
114 101
101 44
44 27
27 5
5 81
81 27
27 44
44 101
101 13
13 116
116 13
13 114
114 101
101 44
44 52
52 70
70 44
44 101
101 114
114 105
105 13
13 114
114 70
70 101
101 13
13 114
114 101
101 13
13 44
