114 55
55 95
95 101
101 44
44 13
13 101
101 44
44 114
114 101
101 44
44 101
101 114
114 101
101 44
44 47
47 101
101 95
95 0
0 70
70 114
114 13
13 101
101 44
44 101
101 39
39 55
55 101
101 13
13 76
76 24
24 44
44 81
81 27
27 44
44 101
101 13
13 76
76 13
13 114
114 70
70 95
95 13
13 114
114 44
44 114
114 27
27 44
44 101
101 95
95 44
44 101
101 44
44 27
27 5
5 81
81 51
51 5
5 81
81 61
61 24
24 0
0 67
67 24
24 76
76 0
0 127
127 76
76 13
13 70
70 13
13 44
44 105
105 138
138 44
44 101
101 81
81 50
50 108
108 44
44 101
101 44
44 27
27 101
101 108
108 27
27 101
101 114
114 13
13 95
95 101
101 44
44 114
114 13
13 95
95 114
114 13
13 76
76 0
0 67
