133 163
163 84
84 133
133 163
163 170
170 133
133 35
35 133
133 198
198 84
84 198
198 133
133 19
19 154
154 108
108 170
170 5
5 111
111 133
133 35
35 133
133 198
198 105
105 198
198 133
133 111
111 35
35 108
108 191
191 35
35 89
89 233
233 89
89 233
233 35
35 133
133 108
108 193
193 133
133 31
31 35
35 133
133 198
198 105
105 57
57 165
165 105
105 84
84 3
3 108
108 198
198 174
174 84
84 198
198 133
133 163
163 198
198 133
133 84
84 3
3 108
108 133
133 105
105 198
198 84
84 174
174 84
84 105
105 181
181 87
87 105
105 198
198 133
133 111
111 35
35 84
84 168
168 84
84 198
198 133
133 198
198 105
105 191
191 133
133 108
108 3
3 170
170 9
9 3
3 170
170 133
133 198
198 105
105 121
121 133
133 105
105 170
170 163
163 105
