80 150
150 31
31 142
142 129
129 80
80 142
142 80
80 146
146 35
35 133
133 205
205 35
35 137
137 198
198 108
108 3
3 170
170 31
31 174
174 191
191 105
105 198
198 84
84 87
87 133
133 198
198 105
105 191
191 165
165 105
105 57
57 165
165 105
105 84
84 186
186 198
198 133
133 3
3 84
84 133
133 35
35 108
108 198
198 133
133 3
3 84
84 105
105 133
133 84
84 198
198 108
108 31
31 84
84 198
198 133
133 163
163 84
84 133
133 198
198 170
170 3
3 108
108 198
198 133
133 3
3 170
170 35
35 108
108 133
133 170
170 154
154 142
142 35
35 133
133 111
111 35
35 31
31 36
36 35
35 31
31 133
133 198
198 84
84 3
3 187
187 84
84 133
133 3
3 108
108 198
198 133
133 121
121 133
133 87
87 105
105 133
133 198
198 105
105 87
