13 44
44 101
101 13
13 76
76 101
101 114
114 44
44 61
61 5
5 81
81 27
27 50
50 5
5 27
27 101
101 114
114 44
44 13
13 101
101 44
44 81
81 27
27 101
101 44
44 114
114 55
55 114
114 70
70 95
95 13
13 101
101 27
27 13
13 114
114 44
44 13
13 101
101 114
114 57
57 44
44 114
114 44
44 101
101 27
27 81
81 33
33 61
61 121
121 5
5 81
81 27
27 44
44 114
114 101
101 44
44 114
114 17
17 114
114 101
101 44
44 72
72 95
95 13
13 72
72 95
95 13
13 44
44 117
117 13
13 114
114 101
101 44
44 101
101 114
114 44
44 101
101 57
57 44
44 101
101 114
114 57
57 101
101 114
114 13
13 76
76 55
55 114
114 44
44 27
27 13
13 95
95 70
70 101
101 44
44 114
114 13
13 72
72 114
114 101
