18 136
136 18
18 136
136 18
18 136
136 18
18 136
136 18
18 136
136 18
18 136
136 18
18 136
136 18
18 136
136 18
18 136
136 18
18 136
136 18
18 136
136 18
18 136
136 18
18 136
136 18
18 136
136 18
18 136
136 18
18 136
136 18
18 136
136 18
18 136
136 18
18 136
136 18
18 136
136 18
18 136
136 18
18 136
136 18
18 136
136 18
18 136
136 18
18 136
136 18
18 136
136 18
18 136
136 18
18 136
136 18
18 136
136 18
18 136
136 18
18 136
136 18
18 136
136 18
18 136
136 18
18 136
136 18
18 136
136 18
18 136
136 18
18 136
136 18
18 136
136 18
18 136
136 18
18 136
136 18
18 136
136 18
18 136
136 18
18 136
136 18
18 136
136 18
18 136
136 18
18 136
136 18
18 136
136 18
18 136
136 18
18 136
136 18
18 136
