129 200
200 133
133 198
198 84
84 129
129 31
31 142
142 80
80 146
146 142
142 191
191 105
105 233
233 84
84 198
198 233
233 133
133 198
198 84
84 108
108 198
198 84
84 133
133 205
205 198
198 133
133 198
198 163
163 133
133 198
198 89
89 176
176 84
84 31
31 61
61 133
133 84
84 129
129 3
3 84
84 133
133 205
205 105
105 198
198 133
133 129
129 3
3 108
108 3
3 133
133 3
3 84
84 35
35 108
108 133
133 198
198 84
84 187
187 84
84 133
133 163
163 84
84 198
198 133
133 3
3 129
129 133
133 198
198 133
133 163
163 198
198 87
87 133
133 198
198 84
84 187
187 87
87 35
35 84
84 170
170 31
31 142
142 31
31 191
191 61
61 35
35 84
84 233
233 35
35 108
108 170
170 31
31 142
142 80
80 31
31 142
142 80
80 142
142 3
