34 57
57 178
178 89
89 191
191 35
35 170
170 133
133 163
163 129
129 133
133 198
198 84
84 191
191 221
221 84
84 174
174 221
221 105
105 191
191 133
133 198
198 89
89 174
174 84
84 198
198 133
133 19
19 84
84 133
133 3
3 108
108 133
133 198
198 178
178 87
87 105
105 84
84 133
133 3
3 108
108 198
198 105
105 133
133 198
198 84
84 205
205 84
84 198
198 133
133 198
198 84
84 168
168 133
133 198
198 105
105 108
108 198
198 133
133 205
205 84
84 198
198 133
133 198
198 133
133 198
198 108
108 133
133 198
198 105
105 57
57 165
165 105
105 57
57 165
165 133
133 105
105 170
170 3
3 84
84 174
174 221
221 198
198 84
84 31
31 129
129 198
198 108
108 205
205 133
133 198
198 174
174 187
187 84
84 176
176 133
133 84
84 35
35 129
129 198
