95 0
0 67
67 5
5 61
61 121
121 33
33 81
81 27
27 50
50 131
131 101
101 44
44 27
27 81
81 33
33 5
5 121
121 61
61 81
81 109
109 50
50 5
5 81
81 27
27 5
5 81
81 5
5 101
101 114
114 13
13 44
44 101
101 13
13 114
114 44
44 27
27 44
44 114
114 101
101 44
44 114
114 13
13 101
101 95
95 44
44 70
70 114
114 44
44 101
101 55
55 13
13 114
114 44
44 114
114 44
44 101
101 27
27 13
13 114
114 17
17 44
44 114
114 101
101 44
44 114
114 13
13 44
44 114
114 13
13 44
44 105
105 13
13 55
55 44
44 13
13 95
95 72
72 44
44 114
114 13
13 55
55 114
114 78
78 44
44 114
114 13
13 70
70 76
76 13
13 114
114 0
0 76
76 24
24 0
0 127
127 55
55 114
114 101
101 70
