133 163
163 198
198 133
133 3
3 170
170 35
35 108
108 133
133 35
35 170
170 133
133 108
108 35
35 84
84 198
198 84
84 133
133 198
198 105
105 108
108 133
133 35
35 108
108 133
133 19
19 84
84 108
108 133
133 198
198 133
133 198
198 105
105 121
121 198
198 133
133 105
105 125
125 105
105 133
133 198
198 170
170 163
163 84
84 129
129 3
3 84
84 89
89 191
191 87
87 198
198 84
84 31
31 133
133 198
198 84
84 121
121 129
129 31
31 108
108 133
133 35
35 84
84 198
198 133
133 205
205 84
84 198
198 87
87 105
105 191
191 57
57 105
105 89
89 186
186 84
84 133
133 198
198 105
105 84
84 133
133 198
198 133
133 3
3 129
129 3
3 133
133 198
198 84
84 163
163 129
129 198
198 84
84 221
221 191
191 233
233 89
89 191
191 233
233 95
