49 55
55 101
101 114
114 44
44 101
101 114
114 13
13 27
27 5
5 33
33 101
101 70
70 13
13 101
101 114
114 101
101 44
44 70
70 101
101 13
13 114
114 101
101 13
13 114
114 44
44 101
101 13
13 114
114 101
101 70
70 114
114 44
44 101
101 13
13 114
114 44
44 13
13 44
44 114
114 13
13 101
101 72
72 114
114 44
44 101
101 114
114 13
13 105
105 70
70 13
13 114
114 70
70 101
101 44
44 50
50 5
5 27
27 101
101 114
114 13
13 76
76 0
0 55
55 95
95 101
101 44
44 13
13 101
101 44
44 101
101 44
44 114
114 101
101 76
76 13
13 44
44 95
95 39
39 95
95 44
44 114
114 13
13 44
44 114
114 55
55 101
101 13
13 76
76 44
44 55
55 0
0 13
13 44
44 114
114 39
39 76
76 13
13 101
101 114
