35 133
133 233
233 89
89 233
233 89
89 191
191 57
57 170
170 154
154 57
57 170
170 80
80 31
31 142
142 129
129 198
198 89
89 129
129 198
198 133
133 205
205 84
84 198
198 133
133 163
163 170
170 133
133 61
61 6
6 133
133 61
61 35
35 84
84 174
174 84
84 198
198 31
31 84
84 198
198 133
133 186
186 84
84 133
133 198
198 3
3 133
133 108
108 154
154 133
133 108
108 178
178 84
84 198
198 87
87 178
178 105
105 191
191 142
142 35
35 84
84 133
133 198
198 84
84 19
19 133
133 164
164 19
19 133
133 87
87 198
198 87
87 133
133 198
198 84
84 87
87 35
35 133
133 170
170 3
3 108
108 198
198 84
84 198
198 133
133 108
108 198
198 133
133 129
129 198
198 133
133 84
84 198
198 133
133 19
19 133
133 35
35 108
108 133
133 198
