164 19
19 133
133 35
35 84
84 198
198 105
105 213
213 133
133 198
198 105
105 133
133 163
163 84
84 163
163 129
129 198
198 133
133 105
105 191
191 105
105 198
198 133
133 121
121 198
198 84
84 187
187 105
105 35
35 108
108 31
31 170
170 35
35 54
54 31
31 35
35 84
84 198
198 191
191 108
108 198
198 133
133 84
84 168
168 3
3 133
133 198
198 84
84 163
163 133
133 84
84 35
35 108
108 105
105 198
198 84
84 176
176 57
57 84
84 87
87 133
133 87
87 198
198 207
207 133
133 198
198 89
89 191
191 198
198 105
105 191
191 221
221 84
84 174
174 84
84 198
198 108
108 84
84 3
3 133
133 108
108 198
198 105
105 133
133 198
198 170
170 133
133 108
108 84
84 178
178 221
221 191
191 84
84 198
198 201
201 84
84 198
198 105
105 133
133 198
