114 101
101 44
44 101
101 114
114 44
44 101
101 44
44 114
114 13
13 101
101 44
44 108
108 27
27 50
50 27
27 101
101 44
44 114
114 70
70 101
101 44
44 114
114 44
44 101
101 118
118 44
44 101
101 131
131 81
81 27
27 5
5 81
81 27
27 50
50 108
108 101
101 44
44 13
13 114
114 44
44 101
101 13
13 114
114 44
44 101
101 114
114 101
101 13
13 114
114 44
44 13
13 114
114 44
44 101
101 114
114 55
55 0
0 39
39 55
55 114
114 44
44 114
114 13
13 101
101 114
114 44
44 101
101 44
44 114
114 78
78 13
13 44
44 114
114 55
55 44
44 101
101 13
13 44
44 95
95 55
55 114
114 44
44 105
105 114
114 44
44 114
114 55
55 13
13 114
114 101
101 117
117 72
72 101
101 114
114 13
13 44
44 114
114 46
46 105
