3 133
133 198
198 84
84 221
221 105
105 233
233 84
84 35
35 84
84 168
168 84
84 87
87 233
233 84
84 31
31 178
178 84
84 198
198 133
133 84
84 198
198 133
133 108
108 31
31 170
170 133
133 87
87 84
84 174
174 31
31 142
142 31
31 84
84 133
133 207
207 87
87 198
198 133
133 84
84 205
205 133
133 198
198 111
111 133
133 198
198 142
142 129
129 198
198 133
133 87
87 35
35 133
133 108
108 3
3 133
133 198
198 108
108 198
198 89
89 191
191 57
57 105
105 191
191 57
57 170
170 188
188 57
57 105
105 84
84 198
198 87
87 57
57 105
105 84
84 198
198 35
35 133
133 35
35 84
84 174
174 87
87 198
198 133
133 3
3 84
84 133
133 187
187 84
84 174
174 187
187 84
84 129
129 198
198 133
133 19
19 125
125 133
133 108
108 133
