44 13
13 114
114 44
44 101
101 13
13 55
55 76
76 44
44 101
101 44
44 114
114 57
57 13
13 114
114 44
44 101
101 114
114 44
44 13
13 70
70 101
101 44
44 114
114 101
101 44
44 114
114 95
95 101
101 13
13 101
101 72
72 95
95 114
114 55
55 0
0 39
39 44
44 114
114 13
13 101
101 95
95 44
44 114
114 101
101 44
44 114
114 13
13 55
55 95
95 101
101 44
44 114
114 13
13 95
95 72
72 101
101 13
13 114
114 44
44 101
101 27
27 44
44 70
70 27
27 44
44 114
114 44
44 101
101 70
70 114
114 13
13 114
114 70
70 44
44 101
101 114
114 13
13 44
44 117
117 114
114 44
44 101
101 114
114 0
0 121
121 76
76 24
24 0
0 24
24 76
76 44
44 101
101 70
70 44
44 114
114 13
13 44
44 101
101 114
