114 44
44 103
103 13
13 44
44 101
101 44
44 101
101 13
13 76
76 0
0 39
39 101
101 44
44 101
101 114
114 13
13 101
101 114
114 44
44 70
70 117
117 44
44 114
114 13
13 105
105 17
17 44
44 114
114 70
70 105
105 44
44 114
114 101
101 44
44 81
81 131
131 50
50 81
81 44
44 70
70 13
13 101
101 13
13 44
44 114
114 57
57 44
44 114
114 55
55 13
13 44
44 27
27 81
81 5
5 33
33 81
81 27
27 131
131 110
110 13
13 95
95 114
114 101
101 55
55 44
44 17
17 58
58 105
105 17
17 138
138 13
13 114
114 44
44 101
101 114
114 44
44 81
81 114
114 44
44 101
101 70
70 44
44 17
17 138
138 114
114 44
44 13
13 70
70 114
114 44
44 101
101 55
55 114
114 44
44 108
108 101
101 44
44 114
114 44
