31 133
133 35
35 31
31 133
133 168
168 34
34 35
35 170
170 108
108 198
198 133
133 121
121 129
129 31
31 142
142 31
31 191
191 220
220 84
84 174
174 31
31 142
142 31
31 80
80 142
142 3
3 129
129 84
84 163
163 105
105 198
198 84
84 105
105 233
233 191
191 142
142 31
31 108
108 35
35 84
84 198
198 84
84 198
198 129
129 3
3 133
133 87
87 133
133 198
198 84
84 163
163 133
133 198
198 170
170 191
191 188
188 170
170 133
133 105
105 233
233 133
133 198
198 133
133 84
84 198
198 129
129 133
133 163
163 84
84 133
133 198
198 89
89 191
191 105
105 89
89 191
191 84
84 142
142 174
174 89
89 129
129 198
198 108
108 3
3 170
170 31
31 142
142 80
80 31
31 34
34 35
35 170
170 31
31 80
80 150
150 31
31 142
142 35
35 133
