207 133
133 198
198 87
87 198
198 84
84 133
133 207
207 170
170 133
133 35
35 111
111 133
133 198
198 105
105 191
191 221
221 84
84 233
233 191
191 105
105 35
35 133
133 170
170 89
89 191
191 198
198 84
84 133
133 207
207 84
84 198
198 188
188 57
57 105
105 80
80 142
142 35
35 133
133 205
205 170
170 133
133 198
198 105
105 57
57 165
165 105
105 57
57 84
84 176
176 198
198 105
105 163
163 133
133 198
198 84
84 168
168 31
31 84
84 133
133 198
198 84
84 133
133 105
105 198
198 84
84 108
108 133
133 198
198 133
133 31
31 84
84 133
133 108
108 31
31 170
170 133
133 198
198 84
84 129
129 31
31 142
142 170
170 31
31 80
80 142
142 80
80 31
31 142
142 31
31 80
80 142
142 191
191 80
80 142
142 170
170 154
154 133
133 35
35 84
