44 27
27 81
81 27
27 5
5 81
81 27
27 81
81 5
5 108
108 44
44 55
55 114
114 13
13 95
95 44
44 114
114 44
44 70
70 101
101 13
13 114
114 70
70 95
95 114
114 13
13 101
101 44
44 114
114 13
13 55
55 44
44 114
114 13
13 70
70 95
95 44
44 13
13 101
101 44
44 47
47 82
82 27
27 81
81 5
5 61
61 121
121 33
33 81
81 5
5 27
27 50
50 108
108 44
44 72
72 114
114 44
44 70
70 114
114 55
55 114
114 101
101 27
27 44
44 13
13 114
114 44
44 13
13 114
114 95
95 101
101 44
44 70
70 114
114 13
13 27
27 5
5 121
121 61
61 33
33 121
121 61
61 24
24 0
0 67
67 11
11 0
0 127
127 76
76 13
13 114
114 70
70 95
95 44
44 101
101 44
44 114
114 70
70 101
101 114
