84 198
198 105
105 191
191 84
84 198
198 133
133 188
188 170
170 102
102 178
178 200
200 84
84 198
198 105
105 121
121 133
133 84
84 200
200 133
133 198
198 87
87 198
198 133
133 168
168 3
3 133
133 198
198 108
108 133
133 163
163 170
170 163
163 133
133 198
198 133
133 108
108 3
3 133
133 198
198 133
133 198
198 84
84 174
174 186
186 105
105 87
87 198
198 84
84 198
198 105
105 174
174 84
84 198
198 133
133 168
168 52
52 168
168 52
52 168
168 31
31 133
133 198
198 105
105 178
178 142
142 35
35 191
191 84
84 89
89 174
174 84
84 31
31 61
61 84
84 133
133 163
163 84
84 133
133 198
198 87
87 105
105 133
133 198
198 84
84 31
31 181
181 142
142 31
31 80
80 150
150 34
34 181
181 170
170 31
31 80
80 170
170 3
3 133
133 198
