114 13
13 44
44 101
101 117
117 44
44 101
101 13
13 114
114 95
95 44
44 114
114 70
70 13
13 101
101 114
114 44
44 55
55 114
114 0
0 76
76 101
101 44
44 72
72 13
13 110
110 44
44 13
13 114
114 44
44 27
27 81
81 50
50 27
27 101
101 114
114 55
55 101
101 44
44 114
114 105
105 44
44 13
13 76
76 0
0 127
127 55
55 39
39 0
0 24
24 67
67 0
0 76
76 101
101 44
44 114
114 101
101 44
44 114
114 57
57 44
44 101
101 70
70 44
44 27
27 101
101 95
95 114
114 101
101 44
44 114
114 55
55 96
96 133
133 101
101 44
44 72
72 95
95 13
13 44
44 117
117 70
70 114
114 13
13 95
95 101
101 13
13 114
114 44
44 101
101 114
114 13
13 114
114 57
57 44
44 13
13 114
114 57
57 105
105 44
