44 114
114 55
55 44
44 101
101 44
44 105
105 44
44 114
114 105
105 114
114 44
44 101
101 13
13 114
114 44
44 101
101 13
13 57
57 114
114 44
44 114
114 55
55 114
114 13
13 101
101 44
44 55
55 95
95 44
44 114
114 39
39 0
0 127
127 55
55 0
0 76
76 101
101 52
52 44
44 101
101 114
114 70
70 101
101 13
13 114
114 101
101 44
44 95
95 13
13 44
44 114
114 0
0 70
70 101
101 44
44 114
114 101
101 27
27 101
101 13
13 114
114 44
44 13
13 101
101 0
0 24
24 39
39 0
0 39
39 114
114 13
13 76
76 101
101 114
114 70
70 101
101 114
114 13
13 114
114 44
44 101
101 13
13 116
116 13
13 114
114 72
72 44
44 13
13 114
114 55
55 44
44 114
114 10
10 13
13 114
114 101
101 13
13 114
114 44
