198 133
133 105
105 108
108 191
191 35
35 84
84 198
198 105
105 110
110 198
198 108
108 84
84 133
133 108
108 188
188 102
102 188
188 133
133 198
198 87
87 163
163 105
105 198
198 163
163 84
84 198
198 133
133 163
163 84
84 111
111 233
233 35
35 45
45 84
84 174
174 187
187 84
84 129
129 186
186 84
84 3
3 187
187 84
84 35
35 84
84 133
133 194
194 198
198 108
108 133
133 198
198 84
84 129
129 198
198 133
133 19
19 233
233 84
84 198
198 133
133 84
84 14
14 133
133 35
35 108
108 35
35 133
133 84
84 168
168 3
3 133
133 198
198 87
87 133
133 198
198 105
105 191
191 84
84 87
87 198
198 133
133 3
3 129
129 198
198 84
84 168
168 133
133 35
35 3
3 133
133 198
198 84
84 174
174 221
221 84
84 174
174 187
187 84
84 133
