35 34
34 31
31 170
170 35
35 108
108 133
133 3
3 170
170 191
191 176
176 84
84 87
87 198
198 133
133 108
108 198
198 133
133 205
205 84
84 198
198 105
105 133
133 108
108 3
3 133
133 35
35 84
84 176
176 61
61 84
84 35
35 19
19 133
133 84
84 31
31 181
181 170
170 34
34 181
181 170
170 31
31 142
142 133
133 198
198 89
89 102
102 178
178 89
89 191
191 105
105 35
35 178
178 57
57 105
105 191
191 221
221 84
84 174
174 198
198 105
105 191
191 84
84 198
198 84
84 163
163 105
105 198
198 105
105 3
3 133
133 198
198 129
129 133
133 163
163 84
84 133
133 3
3 170
170 133
133 198
198 105
105 191
191 185
185 105
105 191
191 142
142 105
105 89
89 191
191 105
105 198
198 133
133 84
84 35
35 31
31 198
198 84
84 163
163 84
