3 170
170 35
35 133
133 198
198 35
35 19
19 198
198 133
133 87
87 35
35 133
133 35
35 170
170 31
31 142
142 80
80 142
142 35
35 133
133 198
198 89
89 3
3 170
170 133
133 198
198 142
142 31
31 143
143 142
142 31
31 129
129 80
80 31
31 225
225 191
191 84
84 198
198 133
133 3
3 170
170 31
31 35
35 133
133 198
198 37
37 112
112 198
198 111
111 133
133 108
108 105
105 198
198 133
133 108
108 198
198 133
133 84
84 198
198 133
133 19
19 154
154 133
133 35
35 133
133 35
35 84
84 198
198 133
133 3
3 108
108 198
198 133
133 3
3 84
84 142
142 31
31 181
181 84
84 35
35 133
133 31
31 142
142 35
35 31
31 142
142 31
31 198
198 133
133 108
108 31
31 198
198 84
84 108
108 198
198 133
133 121
121 129
129 84
84 163
