55 13
13 44
44 101
101 44
44 78
78 0
0 39
39 31
31 55
55 39
39 114
114 13
13 55
55 44
44 13
13 114
114 44
44 114
114 101
101 44
44 114
114 13
13 70
70 117
117 114
114 101
101 117
117 44
44 13
13 76
76 101
101 13
13 114
114 76
76 13
13 44
44 101
101 72
72 44
44 101
101 114
114 44
44 101
101 70
70 117
117 44
44 101
101 13
13 114
114 44
44 101
101 13
13 114
114 44
44 101
101 44
44 76
76 101
101 114
114 13
13 101
101 104
104 109
109 101
101 81
81 27
27 50
50 5
5 61
61 121
121 5
5 61
61 121
121 33
33 5
5 81
81 27
27 131
131 50
50 81
81 5
5 108
108 44
44 101
101 13
13 44
44 5
5 108
108 131
131 81
81 44
44 114
114 78
78 13
13 44
44 114
114 101
101 44
44 114
