138 17
17 114
114 101
101 44
44 114
114 13
13 95
95 57
57 101
101 44
44 108
108 13
13 44
44 55
55 0
0 70
70 44
44 101
101 13
13 44
44 55
55 76
76 78
78 114
114 13
13 70
70 101
101 44
44 101
101 114
114 101
101 44
44 55
55 39
39 44
44 13
13 114
114 138
138 17
17 138
138 13
13 101
101 44
44 114
114 13
13 44
44 72
72 101
101 44
44 13
13 114
114 44
44 81
81 27
27 44
44 95
95 13
13 44
44 101
101 114
114 44
44 70
70 114
114 13
13 27
27 101
101 44
44 114
114 13
13 44
44 57
57 114
114 55
55 13
13 44
44 101
101 114
114 13
13 108
108 101
101 70
70 44
44 114
114 70
70 13
13 114
114 10
10 44
44 114
114 138
138 44
44 101
101 44
44 114
114 44
44 101
101 70
70 13
13 44
