168 52
52 168
168 3
3 133
133 35
35 191
191 57
57 35
35 84
84 142
142 31
31 198
198 84
84 174
174 31
31 198
198 133
133 3
3 129
129 198
198 84
84 105
105 133
133 163
163 170
170 133
133 87
87 35
35 133
133 170
170 163
163 133
133 198
198 84
84 178
178 84
84 198
198 108
108 194
194 84
84 198
198 133
133 108
108 35
35 157
157 111
111 35
35 84
84 31
31 108
108 133
133 198
198 84
84 188
188 57
57 84
84 176
176 87
87 105
105 57
57 165
165 105
105 170
170 3
3 84
84 198
198 163
163 133
133 198
198 129
129 133
133 198
198 84
84 133
133 3
3 108
108 35
35 31
31 142
142 31
31 84
84 198
198 133
133 205
205 170
170 133
133 205
205 35
35 133
133 198
198 84
84 163
163 133
133 105
105 198
198 133
133 84
84 198
198 108
