44 103
103 44
44 103
103 44
44 110
110 13
13 44
44 101
101 96
96 13
13 70
70 101
101 13
13 114
114 44
44 13
13 114
114 44
44 101
101 44
44 108
108 101
101 44
44 114
114 44
44 101
101 114
114 44
44 70
70 114
114 72
72 95
95 13
13 114
114 70
70 44
44 114
114 13
13 101
101 114
114 13
13 101
101 114
114 55
55 44
44 13
13 44
44 70
70 44
44 114
114 13
13 114
114 44
44 27
27 0
0 24
24 67
67 76
76 24
24 0
0 76
76 24
24 0
0 44
44 114
114 44
44 101
101 81
81 27
27 101
101 95
95 13
13 101
101 44
44 13
13 101
101 114
114 44
44 13
13 114
114 44
44 78
78 44
44 55
55 114
114 101
101 44
44 114
114 44
44 101
101 114
114 44
44 101
101 44
44 13
13 114
114 117
117 44
44 13
