137 198
198 137
137 205
205 198
198 133
133 205
205 84
84 198
198 105
105 133
133 61
61 84
84 35
35 233
233 191
191 142
142 31
31 198
198 84
84 121
121 133
133 87
87 164
164 19
19 133
133 3
3 108
108 170
170 3
3 108
108 133
133 84
84 35
35 133
133 105
105 35
35 133
133 198
198 174
174 84
84 198
198 108
108 31
31 170
170 35
35 108
108 84
84 191
191 133
133 198
198 84
84 186
186 198
198 84
84 176
176 61
61 105
105 133
133 198
198 84
84 31
31 129
129 133
133 198
198 89
89 191
191 35
35 89
89 191
191 57
57 105
105 191
191 3
3 52
52 170
170 31
31 108
108 35
35 170
170 174
174 84
84 198
198 105
105 57
57 105
105 178
178 200
200 99
99 178
178 102
102 37
37 133
133 198
198 84
84 168
168 31
31 35
35 170
170 31
