114 13
13 70
70 44
44 114
114 101
101 44
44 57
57 114
114 101
101 44
44 114
114 101
101 44
44 114
114 0
0 76
76 101
101 114
114 13
13 101
101 70
70 13
13 44
44 114
114 13
13 55
55 44
44 114
114 13
13 44
44 52
52 101
101 44
44 13
13 114
114 44
44 70
70 101
101 44
44 13
13 76
76 13
13 114
114 44
44 114
114 13
13 44
44 114
114 70
70 101
101 13
13 70
70 44
44 101
101 13
13 76
76 44
44 13
13 101
101 76
76 24
24 0
0 76
76 114
114 44
44 101
101 13
13 76
76 13
13 70
70 44
44 114
114 57
57 101
101 114
114 0
0 70
70 114
114 44
44 101
101 114
114 44
44 101
101 13
13 44
44 17
17 44
44 114
114 101
101 13
13 101
101 44
44 114
114 13
13 70
70 44
44 114
114 101
101 72
