108 3
3 133
133 84
84 178
178 84
84 35
35 133
133 108
108 198
198 89
89 191
191 35
35 89
89 191
191 105
105 198
198 84
84 174
174 198
198 84
84 133
133 188
188 84
84 174
174 221
221 105
105 233
233 84
84 133
133 198
198 129
129 3
3 133
133 198
198 129
129 31
31 108
108 198
198 133
133 111
111 198
198 84
84 205
205 87
87 198
198 84
84 168
168 84
84 35
35 133
133 168
168 174
174 84
84 198
198 108
108 133
133 198
198 84
84 133
133 108
108 3
3 133
133 198
198 133
133 163
163 84
84 198
198 105
105 178
178 142
142 191
191 80
80 31
31 142
142 80
80 31
31 3
3 133
133 150
150 31
31 80
80 142
142 3
3 129
129 198
198 133
133 31
31 142
142 35
35 133
133 198
198 87
87 19
19 198
198 133
133 111
111 35
35 133
133 198
