200 84
84 198
198 108
108 3
3 170
170 31
31 142
142 150
150 31
31 142
142 129
129 198
198 133
133 187
187 84
84 174
174 221
221 84
84 176
176 188
188 170
170 133
133 163
163 84
84 198
198 133
133 188
188 198
198 133
133 3
3 108
108 198
198 133
133 84
84 198
198 108
108 105
105 133
133 61
61 165
165 133
133 105
105 181
181 84
84 31
31 174
174 84
84 170
170 163
163 84
84 133
133 3
3 170
170 3
3 84
84 198
198 105
105 198
198 87
87 133
133 84
84 176
176 61
61 105
105 35
35 133
133 87
87 198
198 84
84 178
178 221
221 191
191 84
84 89
89 176
176 35
35 170
170 133
133 3
3 170
170 31
31 142
142 31
31 80
80 142
142 31
31 108
108 198
198 133
133 3
3 170
170 5
5 3
3 170
170 3
3 133
133 108
108 3
3 133
