133 87
87 198
198 133
133 163
163 170
170 163
163 133
133 198
198 105
105 191
191 221
221 191
191 178
178 89
89 191
191 105
105 198
198 87
87 105
105 198
198 108
108 133
133 3
3 84
84 198
198 133
133 121
121 133
133 84
84 205
205 133
133 205
205 84
84 198
198 133
133 198
198 108
108 3
3 84
84 198
198 87
87 133
133 198
198 133
133 198
198 129
129 133
133 198
198 168
168 133
133 198
198 105
105 165
165 198
198 84
84 111
111 133
133 198
198 84
84 186
186 105
105 84
84 142
142 31
31 84
84 133
133 3
3 84
84 133
133 198
198 108
108 191
191 105
105 35
35 108
108 133
133 198
198 105
105 178
178 108
108 84
84 133
133 31
31 84
84 198
198 133
133 3
3 108
108 84
84 198
198 133
133 205
205 84
84 198
198 87
87 198
198 84
84 133
133 198
