117 44
44 13
13 76
76 24
24 0
0 127
127 76
76 0
0 67
67 24
24 0
0 67
67 76
76 0
0 24
24 76
76 44
44 114
114 101
101 44
44 72
72 117
117 44
44 101
101 13
13 95
95 44
44 13
13 101
101 44
44 105
105 57
57 114
114 17
17 44
44 114
114 101
101 44
44 13
13 44
44 55
55 114
114 44
44 13
13 70
70 44
44 114
114 44
44 13
13 101
101 44
44 13
13 114
114 101
101 27
27 44
44 101
101 13
13 114
114 44
44 13
13 114
114 117
117 116
116 13
13 114
114 95
95 13
13 70
70 101
101 114
114 27
27 50
50 101
101 44
44 70
70 13
13 44
44 70
70 101
101 44
44 114
114 44
44 13
13 76
76 0
0 13
13 44
44 114
114 95
95 44
44 101
101 13
13 44
44 27
27 101
101 44
44 114
114 13
