35 170
170 108
108 133
133 198
198 108
108 84
84 198
198 133
133 108
108 200
200 84
84 198
198 105
105 45
45 115
115 224
224 45
45 26
26 224
224 45
45 140
140 79
79 45
45 140
140 224
224 45
45 173
173 224
224 45
45 105
105 224
224 191
191 105
105 198
198 84
84 205
205 133
133 198
198 84
84 3
3 108
108 35
35 19
19 108
108 3
3 133
133 198
198 84
84 174
174 187
187 170
170 35
35 84
84 174
174 198
198 105
105 191
191 221
221 105
105 84
84 186
186 57
57 84
84 87
87 191
191 57
57 105
105 178
178 221
221 84
84 191
191 176
176 84
84 105
105 35
35 84
84 198
198 108
108 133
133 84
84 178
178 221
221 84
84 233
233 84
84 142
142 35
35 133
133 84
84 35
35 133
133 87
87 198
198 84
84 178
178 57
57 35
35 133
133 84
