45 26
26 224
224 45
45 173
173 224
224 45
45 105
105 89
89 178
178 84
84 198
198 105
105 102
102 178
178 105
105 191
191 84
84 170
170 191
191 35
35 84
84 198
198 133
133 84
84 133
133 200
200 37
37 108
108 198
198 105
105 45
45 142
142 31
31 80
80 142
142 225
225 191
191 105
105 233
233 191
191 105
105 84
84 108
108 35
35 133
133 84
84 205
205 198
198 84
84 108
108 35
35 157
157 111
111 133
133 198
198 84
84 191
191 87
87 198
198 133
133 188
188 61
61 84
84 31
31 35
35 133
133 198
198 163
163 133
133 198
198 108
108 105
105 198
198 133
133 105
105 198
198 133
133 108
108 35
35 133
133 84
84 198
198 133
133 205
205 198
198 133
133 3
3 170
170 35
35 108
108 133
133 198
198 129
129 3
3 133
133 3
3 133
133 198
198 129
