24 76
76 0
0 114
114 70
70 13
13 114
114 44
44 17
17 114
114 44
44 13
13 114
114 101
101 114
114 13
13 114
114 17
17 44
44 101
101 70
70 44
44 101
101 114
114 44
44 108
108 101
101 13
13 44
44 114
114 101
101 13
13 70
70 114
114 101
101 70
70 114
114 44
44 13
13 114
114 44
44 101
101 114
114 44
44 55
55 114
114 101
101 70
70 44
44 114
114 13
13 112
112 44
44 13
13 114
114 13
13 44
44 114
114 57
57 13
13 114
114 44
44 101
101 114
114 44
44 101
101 44
44 114
114 101
101 44
44 114
114 55
55 76
76 127
127 0
0 76
76 55
55 114
114 13
13 95
95 101
101 114
114 44
44 101
101 44
44 81
81 131
131 101
101 44
44 114
114 55
55 39
39 76
76 55
55 114
114 17
17 105
105 13
13 114
114 44
