114 101
101 55
55 0
0 76
76 24
24 0
0 76
76 55
55 114
114 95
95 13
13 114
114 55
55 13
13 70
70 114
114 44
44 114
114 13
13 70
70 95
95 55
55 114
114 44
44 27
27 81
81 5
5 27
27 81
81 27
27 101
101 44
44 13
13 101
101 44
44 114
114 44
44 70
70 101
101 44
44 13
13 114
114 44
44 70
70 13
13 101
101 44
44 101
101 114
114 13
13 101
101 76
76 13
13 70
70 114
114 13
13 44
44 52
52 70
70 44
44 13
13 114
114 44
44 101
101 27
27 44
44 50
50 81
81 33
33 5
5 50
50 81
81 27
27 101
101 13
13 44
44 101
101 44
44 114
114 5
5 81
81 33
33 5
5 81
81 27
27 44
44 114
114 13
13 76
76 101
101 114
114 55
55 101
101 114
114 44
44 101
101 114
114 44
44 70
