129 142
142 3
3 133
133 198
198 84
84 191
191 188
188 170
170 133
133 198
198 84
84 174
174 187
187 84
84 221
221 191
191 176
176 84
84 87
87 178
178 84
84 198
198 133
133 84
84 176
176 61
61 170
170 133
133 105
105 191
191 221
221 84
84 233
233 133
133 111
111 35
35 108
108 198
198 84
84 133
133 19
19 154
154 133
133 35
35 154
154 133
133 84
84 233
233 35
35 108
108 198
198 84
84 133
133 3
3 133
133 198
198 84
84 198
198 133
133 84
84 163
163 133
133 198
198 129
129 31
31 35
35 84
84 105
105 198
198 133
133 108
108 193
193 31
31 84
84 198
198 87
87 188
188 57
57 105
105 84
84 198
198 133
133 198
198 84
84 178
178 57
57 105
105 57
57 3
3 133
133 198
198 105
105 191
191 133
133 35
35 61
61 170
170 133
133 61
