5 101
101 114
114 44
44 70
70 13
13 114
114 101
101 70
70 95
95 44
44 114
114 70
70 55
55 96
96 49
49 55
55 114
114 13
13 95
95 101
101 44
44 55
55 114
114 44
44 17
17 114
114 101
101 44
44 95
95 13
13 114
114 44
44 95
95 55
55 114
114 44
44 101
101 13
13 44
44 114
114 10
10 44
44 117
117 101
101 44
44 95
95 101
101 13
13 114
114 44
44 13
13 57
57 114
114 44
44 70
70 76
76 13
13 44
44 101
101 70
70 44
44 114
114 101
101 95
95 13
13 114
114 101
101 76
76 44
44 114
114 101
101 114
114 70
70 114
114 44
44 138
138 44
44 101
101 44
44 55
55 114
114 101
101 13
13 44
44 27
27 70
70 101
101 114
114 27
27 50
50 5
5 81
81 27
27 5
5 50
50 81
81 33
33 5
5 81
