105 164
164 133
133 3
3 84
84 198
198 108
108 84
84 174
174 202
202 84
84 133
133 198
198 84
84 186
186 57
57 89
89 129
129 84
84 35
35 133
133 108
108 198
198 105
105 87
87 3
3 133
133 198
198 84
84 133
133 3
3 5
5 129
129 3
3 133
133 84
84 3
3 133
133 198
198 170
170 178
178 84
84 198
198 105
105 57
57 105
105 133
133 3
3 108
108 198
198 133
133 84
84 176
176 198
198 84
84 133
133 163
163 84
84 198
198 133
133 198
198 87
87 198
198 84
84 198
198 105
105 84
84 198
198 133
133 198
198 133
133 163
163 84
84 198
198 133
133 3
3 84
84 133
133 198
198 84
84 129
129 198
198 84
84 163
163 133
133 198
198 133
133 121
121 198
198 133
133 3
3 129
129 198
198 133
133 3
3 108
108 198
198 87
87 178
178 84
