105 44
44 13
13 114
114 44
44 13
13 114
114 44
44 13
13 101
101 44
44 114
114 39
39 55
55 114
114 44
44 45
45 114
114 44
44 101
101 13
13 44
44 114
114 101
101 27
27 44
44 114
114 13
13 101
101 108
108 50
50 5
5 50
50 131
131 81
81 50
50 27
27 44
44 114
114 55
55 127
127 55
55 0
0 39
39 55
55 95
95 13
13 101
101 27
27 5
5 33
33 121
121 61
61 121
121 24
24 76
76 0
0 24
24 76
76 0
0 67
67 0
0 127
127 55
55 114
114 44
44 101
101 114
114 44
44 70
70 114
114 44
44 17
17 44
44 114
114 13
13 27
27 114
114 101
101 13
13 114
114 44
44 13
13 101
101 13
13 116
116 13
13 114
114 44
44 101
101 13
13 44
44 108
108 101
101 44
44 95
95 101
101 44
44 70
70 44
