70 27
27 44
44 70
70 114
114 13
13 27
27 5
5 81
81 27
27 44
44 114
114 13
13 101
101 27
27 101
101 114
114 44
44 70
70 13
13 55
55 76
76 13
13 101
101 70
70 44
44 101
101 114
114 78
78 114
114 44
44 101
101 114
114 13
13 44
44 101
101 114
114 44
44 27
27 5
5 50
50 101
101 114
114 44
44 101
101 114
114 13
13 78
78 44
44 13
13 70
70 44
44 114
114 101
101 13
13 44
44 70
70 44
44 110
110 95
95 13
13 44
44 101
101 13
13 95
95 117
117 72
72 101
101 114
114 44
44 55
55 114
114 44
44 13
13 70
70 44
44 55
55 114
114 44
44 13
13 114
114 44
44 101
101 114
114 44
44 70
70 13
13 44
44 114
114 55
55 101
101 13
13 44
44 114
114 13
13 72
72 138
138 114
114 17
17 44
