84 80
80 31
31 142
142 174
174 89
89 90
90 174
174 89
89 129
129 198
198 84
84 186
186 84
84 133
133 188
188 170
170 178
178 84
84 39
39 178
178 84
84 108
108 233
233 89
89 108
108 233
233 89
89 191
191 84
84 198
198 133
133 121
121 129
129 84
84 198
198 205
205 133
133 84
84 111
111 133
133 108
108 198
198 133
133 19
19 84
84 35
35 112
112 198
198 133
133 198
198 87
87 133
133 19
19 154
154 133
133 35
35 108
108 133
133 3
3 5
5 133
133 84
84 89
89 191
191 105
105 225
225 191
191 170
170 225
225 188
188 170
170 3
3 133
133 198
198 84
84 205
205 208
208 84
84 198
198 87
87 105
105 133
133 198
198 87
87 178
178 84
84 89
89 191
191 198
198 108
108 133
133 198
198 84
84 108
108 3
3 84
84 198
198 84
84 3
