44 114
114 101
101 44
44 114
114 44
44 101
101 70
70 13
13 114
114 101
101 95
95 70
70 114
114 44
44 101
101 114
114 44
44 101
101 114
114 44
44 101
101 13
13 44
44 101
101 13
13 44
44 101
101 13
13 44
44 114
114 13
13 114
114 44
44 55
55 114
114 44
44 13
13 114
114 70
70 44
44 101
101 13
13 72
72 101
101 27
27 5
5 50
50 81
81 27
27 101
101 95
95 70
70 44
44 72
72 44
44 101
101 114
114 44
44 101
101 114
114 44
44 101
101 114
114 13
13 72
72 44
44 27
27 101
101 13
13 70
70 27
27 81
81 5
5 50
50 81
81 27
27 44
44 101
101 114
114 44
44 101
101 70
70 44
44 114
114 101
101 27
27 81
81 44
44 114
114 13
13 44
44 114
114 44
44 101
101 44
44 13
13 101
101 114
114 44
