198 142
142 174
174 198
198 105
105 178
178 84
84 35
35 108
108 31
31 35
35 133
133 198
198 84
84 133
133 87
87 84
84 198
198 108
108 3
3 170
170 174
174 84
84 198
198 31
31 191
191 133
133 198
198 89
89 191
191 176
176 87
87 105
105 116
116 87
87 133
133 198
198 108
108 237
237 198
198 178
178 108
108 198
198 105
105 198
198 133
133 198
198 84
84 3
3 133
133 198
198 84
84 186
186 198
198 133
133 108
108 35
35 133
133 84
84 178
178 105
105 198
198 133
133 31
31 198
198 84
84 19
19 133
133 84
84 198
198 133
133 108
108 35
35 133
133 198
198 105
105 133
133 207
207 105
105 198
198 84
84 198
198 133
133 3
3 170
170 31
31 174
174 198
198 84
84 186
186 198
198 84
84 163
163 133
133 198
198 213
213 178
178 89
89 191
191 198
