13 114
114 55
55 39
39 44
44 101
101 52
52 13
13 44
44 114
114 101
101 114
114 101
101 44
44 70
70 101
101 114
114 44
44 17
17 102
102 17
17 138
138 17
17 114
114 101
101 95
95 70
70 114
114 44
44 114
114 117
117 101
101 114
114 55
55 101
101 27
27 70
70 44
44 114
114 55
55 95
95 13
13 114
114 105
105 57
57 44
44 101
101 131
131 44
44 13
13 110
110 44
44 13
13 114
114 44
44 70
70 101
101 44
44 70
70 0
0 55
55 114
114 101
101 70
70 114
114 13
13 44
44 114
114 13
13 95
95 72
72 44
44 101
101 13
13 44
44 70
70 101
101 44
44 114
114 117
117 101
101 13
13 114
114 44
44 13
13 114
114 70
70 101
101 13
13 101
101 44
44 108
108 114
114 101
101 13
13 108
108 44
44 101
101 114
114 70
