138 102
102 17
17 44
44 101
101 57
57 44
44 101
101 13
13 70
70 114
114 44
44 39
39 55
55 114
114 44
44 101
101 76
76 24
24 0
0 76
76 101
101 44
44 70
70 114
114 13
13 95
95 44
44 101
101 27
27 114
114 44
44 70
70 114
114 44
44 95
95 13
13 44
44 101
101 70
70 27
27 81
81 70
70 44
44 114
114 105
105 70
70 114
114 13
13 55
55 95
95 101
101 72
72 27
27 101
101 44
44 101
101 13
13 95
95 101
101 44
44 114
114 95
95 70
70 44
44 55
55 114
114 17
17 138
138 17
17 114
114 44
44 13
13 114
114 44
44 101
101 114
114 101
101 44
44 101
101 114
114 117
117 44
44 114
114 39
39 78
78 114
114 55
55 127
127 55
55 39
39 114
114 44
44 101
101 114
114 13
13 44
44 70
70 13
13 95
