51 61
61 5
5 50
50 5
5 81
81 27
27 101
101 70
70 44
44 13
13 114
114 55
55 13
13 114
114 101
101 114
114 44
44 53
53 102
102 44
44 17
17 114
114 101
101 44
44 114
114 101
101 44
44 70
70 101
101 44
44 114
114 101
101 44
44 27
27 81
81 27
27 114
114 70
70 13
13 44
44 114
114 101
101 44
44 117
117 101
101 44
44 72
72 76
76 13
13 114
114 44
44 114
114 117
117 44
44 101
101 13
13 114
114 101
101 44
44 101
101 78
78 44
44 101
101 13
13 76
76 55
55 39
39 67
67 0
0 127
127 76
76 13
13 101
101 27
27 101
101 44
44 114
114 44
44 101
101 44
44 114
114 70
70 13
13 27
27 70
70 13
13 95
95 44
44 114
114 13
13 114
114 10
10 44
44 13
13 101
101 114
114 13
13 78
78 114
