101 44
44 13
13 114
114 101
101 44
44 114
114 101
101 44
44 114
114 13
13 44
44 114
114 101
101 72
72 95
95 13
13 70
70 44
44 13
13 101
101 44
44 114
114 101
101 95
95 44
44 70
70 13
13 55
55 44
44 114
114 13
13 44
44 101
101 76
76 0
0 101
101 95
95 13
13 114
114 55
55 128
128 0
0 55
55 114
114 13
13 101
101 114
114 13
13 44
44 114
114 76
76 101
101 13
13 114
114 13
13 101
101 44
44 131
131 110
110 44
44 114
114 55
55 44
44 13
13 76
76 24
24 67
67 0
0 76
76 114
114 101
101 13
13 76
76 55
55 101
101 13
13 95
95 101
101 44
44 114
114 72
72 44
44 13
13 76
76 24
24 67
67 0
0 24
24 27
27 44
44 13
13 76
76 101
101 114
114 44
44 70
70 114
114 101
101 44
