101 114
114 101
101 44
44 114
114 13
13 76
76 101
101 114
114 44
44 13
13 76
76 0
0 24
24 76
76 24
24 121
121 61
61 5
5 33
33 50
50 101
101 44
44 114
114 101
101 27
27 44
44 70
70 95
95 55
55 13
13 70
70 44
44 13
13 101
101 114
114 95
95 101
101 13
13 114
114 101
101 44
44 13
13 116
116 101
101 13
13 101
101 114
114 44
44 101
101 95
95 44
44 114
114 13
13 95
95 55
55 13
13 114
114 44
44 81
81 5
5 55
55 101
101 44
44 72
72 101
101 70
70 44
44 101
101 114
114 50
50 81
81 5
5 33
33 121
121 61
61 5
5 50
50 27
27 101
101 44
44 27
27 101
101 13
13 76
76 114
114 13
13 101
101 44
44 70
70 114
114 44
44 17
17 102
102 17
17 138
138 13
13 44
44 95
95 13
