31 170
170 133
133 198
198 105
105 133
133 198
198 200
200 133
133 198
198 31
31 3
3 129
129 198
198 133
133 205
205 84
84 198
198 105
105 191
191 57
57 84
84 89
89 191
191 105
105 198
198 133
133 84
84 198
198 133
133 84
84 198
198 133
133 111
111 133
133 198
198 87
87 19
19 84
84 3
3 133
133 35
35 170
170 176
176 61
61 31
31 133
133 35
35 19
19 198
198 133
133 188
188 170
170 89
89 80
80 178
178 84
84 35
35 19
19 198
198 133
133 205
205 207
207 84
84 198
198 133
133 108
108 35
35 133
133 198
198 205
205 84
84 133
133 198
198 87
87 110
110 133
133 35
35 84
84 191
191 57
57 105
105 84
84 133
133 35
35 84
84 174
174 84
84 105
105 198
198 133
133 3
3 84
84 133
133 198
198 105
105 174
174 198
198 84
84 57
