44 101
101 114
114 44
44 101
101 44
44 13
13 101
101 76
76 13
13 76
76 101
101 114
114 44
44 81
81 131
131 27
27 50
50 27
27 81
81 91
91 5
5 27
27 44
44 101
101 95
95 70
70 114
114 13
13 44
44 114
114 13
13 76
76 72
72 44
44 101
101 114
114 39
39 55
55 95
95 13
13 101
101 114
114 13
13 105
105 17
17 114
114 44
44 114
114 101
101 114
114 57
57 17
17 105
105 114
114 44
44 101
101 114
114 13
13 101
101 114
114 44
44 27
27 70
70 13
13 44
44 114
114 117
117 44
44 101
101 114
114 70
70 101
101 95
95 44
44 13
13 55
55 114
114 13
13 101
101 13
13 55
55 114
114 39
39 114
114 101
101 44
44 81
81 5
5 61
61 81
81 5
5 33
33 124
124 61
61 33
33 5
5 33
33 121
121 5
