133 198
198 133
133 3
3 170
170 108
108 84
84 105
105 133
133 163
163 198
198 105
105 165
165 133
133 57
57 188
188 133
133 3
3 170
170 133
133 84
84 198
198 133
133 84
84 174
174 198
198 105
105 84
84 163
163 133
133 198
198 108
108 105
105 35
35 84
84 181
181 87
87 105
105 198
198 133
133 108
108 198
198 105
105 191
191 87
87 84
84 187
187 87
87 89
89 57
57 105
105 133
133 163
163 133
133 198
198 129
129 3
3 133
133 5
5 111
111 133
133 3
3 133
133 108
108 3
3 133
133 105
105 178
178 84
84 198
198 133
133 205
205 84
84 198
198 133
133 108
108 35
35 133
133 35
35 133
133 198
198 105
105 191
191 108
108 198
198 133
133 205
205 84
84 198
198 133
133 188
188 198
198 84
84 168
168 191
191 84
84 35
35 108
108 133
133 3
