13 44
44 101
101 114
114 13
13 76
76 0
0 24
24 67
67 0
0 127
127 76
76 13
13 101
101 70
70 0
0 55
55 114
114 105
105 17
17 105
105 114
114 55
55 127
127 0
0 114
114 44
44 101
101 13
13 114
114 101
101 13
13 44
44 55
55 39
39 114
114 13
13 95
95 101
101 44
44 114
114 39
39 0
0 44
44 114
114 101
101 13
13 44
44 114
114 13
13 44
44 55
55 101
101 13
13 114
114 101
101 13
13 44
44 101
101 44
44 70
70 27
27 81
81 50
50 33
33 5
5 61
61 5
5 51
51 131
131 90
90 57
57 131
131 44
44 101
101 13
13 44
44 114
114 101
101 13
13 44
44 70
70 44
44 114
114 101
101 76
76 24
24 0
0 76
76 101
101 13
13 44
44 70
70 44
44 114
114 44
44 103
103 13
13 44
44 101
