55 95
95 13
13 114
114 44
44 57
57 114
114 105
105 44
44 114
114 13
13 101
101 44
44 55
55 114
114 101
101 70
70 114
114 44
44 101
101 13
13 76
76 114
114 13
13 101
101 13
13 114
114 44
44 103
103 13
13 44
44 114
114 5
5 81
81 33
33 81
81 27
27 50
50 81
81 27
27 101
101 70
70 114
114 101
101 44
44 114
114 13
13 101
101 44
44 13
13 114
114 44
44 13
13 101
101 95
95 13
13 55
55 114
114 27
27 101
101 13
13 70
70 101
101 13
13 44
44 105
105 58
58 44
44 101
101 13
13 95
95 44
44 70
70 13
13 114
114 95
95 13
13 114
114 44
44 95
95 13
13 114
114 70
70 13
13 44
44 101
101 13
13 114
114 105
105 17
17 44
44 101
101 131
131 44
44 101
101 13
13 76
76 101
101 44
44 114
