17 44
44 13
13 76
76 0
0 24
24 76
76 0
0 127
127 76
76 13
13 44
44 101
101 81
81 5
5 27
27 50
50 81
81 27
27 101
101 44
44 72
72 117
117 114
114 95
95 0
0 39
39 55
55 114
114 44
44 101
101 76
76 13
13 55
55 0
0 76
76 24
24 0
0 67
67 95
95 127
127 0
0 76
76 24
24 67
67 24
24 61
61 121
121 33
33 5
5 101
101 44
44 114
114 13
13 70
70 44
44 13
13 114
114 44
44 103
103 44
44 110
110 95
95 101
101 44
44 108
108 114
114 101
101 13
13 27
27 44
44 101
101 13
13 44
44 13
13 114
114 13
13 70
70 101
101 44
44 13
13 105
105 17
17 44
44 101
101 44
44 114
114 17
17 44
44 114
114 13
13 101
101 114
114 13
13 101
101 44
44 114
114 101
101 114
114 117
