191 105
105 198
198 133
133 108
108 198
198 133
133 198
198 89
89 191
191 105
105 198
198 84
84 133
133 200
200 133
133 198
198 105
105 178
178 84
84 35
35 133
133 87
87 19
19 133
133 3
3 170
170 35
35 187
187 84
84 35
35 84
84 198
198 105
105 198
198 133
133 19
19 84
84 87
87 198
198 105
105 191
191 186
186 198
198 84
84 163
163 129
129 198
198 84
84 186
186 84
84 3
3 133
133 108
108 35
35 170
170 191
191 35
35 31
31 142
142 56
56 31
31 142
142 35
35 181
181 170
170 31
31 142
142 80
80 31
31 142
142 129
129 198
198 133
133 84
84 198
198 233
233 191
191 31
31 142
142 80
80 142
142 34
34 108
108 35
35 31
31 170
170 35
35 84
84 198
198 133
133 108
108 84
84 178
178 108
108 198
198 84
84 174
174 168
168 170
