84 174
174 186
186 84
84 133
133 207
207 105
105 198
198 133
133 198
198 84
84 121
121 129
129 31
31 142
142 80
80 31
31 142
142 174
174 89
89 174
174 233
233 89
89 233
233 84
84 198
198 133
133 84
84 233
233 35
35 133
133 198
198 87
87 178
178 105
105 89
89 178
178 84
84 198
198 133
133 3
3 84
84 198
198 105
105 133
133 84
84 198
198 84
84 133
133 35
35 170
170 191
191 188
188 84
84 198
198 133
133 135
135 207
207 133
133 198
198 105
105 57
57 165
165 105
105 191
191 108
108 35
35 191
191 133
133 198
198 133
133 108
108 35
35 19
19 108
108 35
35 157
157 111
111 133
133 198
198 133
133 108
108 3
3 84
84 198
198 133
133 31
31 142
142 80
80 31
31 35
35 133
133 198
198 108
108 133
133 61
61 165
165 133
133 84
84 198
