133 198
198 84
84 178
178 108
108 35
35 31
31 191
191 80
80 31
31 170
170 80
80 142
142 105
105 198
198 84
84 133
133 198
198 84
84 186
186 198
198 87
87 102
102 178
178 200
200 99
99 178
178 102
102 198
198 133
133 3
3 84
84 198
198 174
174 19
19 198
198 133
133 198
198 84
84 186
186 198
198 84
84 221
221 198
198 84
84 168
168 133
133 198
198 84
84 187
187 105
105 3
3 133
133 198
198 133
133 84
84 198
198 31
31 108
108 198
198 105
105 45
45 142
142 35
35 84
84 133
133 35
35 84
84 133
133 198
198 142
142 3
3 52
52 168
168 3
3 133
133 105
105 198
198 84
84 121
121 198
198 133
133 205
205 121
121 133
133 84
84 174
174 186
186 84
84 3
3 108
108 198
198 31
31 133
133 198
198 105
105 57
57 87
87 176
176 84
