114 101
101 44
44 70
70 101
101 44
44 101
101 114
114 57
57 105
105 44
44 114
114 55
55 44
44 114
114 44
44 13
13 95
95 114
114 44
44 101
101 55
55 13
13 114
114 44
44 101
101 13
13 55
55 0
0 76
76 78
78 101
101 76
76 0
0 55
55 70
70 101
101 44
44 13
13 101
101 44
44 47
47 101
101 44
44 114
114 81
81 50
50 27
27 131
131 50
50 27
27 101
101 95
95 13
13 44
44 70
70 114
114 105
105 138
138 58
58 101
101 13
13 44
44 27
27 70
70 0
0 114
114 0
0 67
67 24
24 76
76 127
127 55
55 114
114 101
101 44
44 70
70 101
101 44
44 13
13 114
114 71
71 13
13 114
114 101
101 114
114 44
44 13
13 114
114 44
44 13
13 114
114 44
44 114
114 5
5 101
101 13
13 70
70 101
101 13
