114 44
44 101
101 44
44 101
101 13
13 44
44 101
101 114
114 13
13 95
95 70
70 114
114 44
44 27
27 5
5 121
121 61
61 5
5 81
81 131
131 44
44 27
27 13
13 44
44 101
101 114
114 44
44 70
70 44
44 101
101 95
95 44
44 114
114 13
13 114
114 44
44 13
13 114
114 101
101 70
70 44
44 101
101 114
114 44
44 61
61 121
121 39
39 76
76 127
127 76
76 55
55 44
44 101
101 27
27 81
81 33
33 5
5 61
61 5
5 81
81 27
27 50
50 81
81 5
5 33
33 121
121 5
5 61
61 81
81 5
5 27
27 81
81 5
5 81
81 27
27 44
44 114
114 101
101 27
27 101
101 95
95 101
101 114
114 44
44 13
13 110
110 44
44 13
13 114
114 13
13 44
44 27
27 81
81 5
5 101
101 44
44 27
27 131
131 44
