35 84
84 133
133 205
205 84
84 133
133 205
205 133
133 198
198 105
105 198
198 133
133 111
111 35
35 31
31 142
142 80
80 31
31 170
170 35
35 61
61 84
84 172
172 14
14 40
40 35
35 79
79 142
142 31
31 131
131 142
142 31
31 131
131 31
31 131
131 170
170 31
31 35
35 133
133 84
84 31
31 45
45 168
168 174
174 31
31 142
142 191
191 146
146 35
35 191
191 146
146 35
35 133
133 198
198 84
84 205
205 87
87 108
108 133
133 105
105 35
35 133
133 198
198 87
87 178
178 105
105 198
198 84
84 133
133 198
198 105
105 87
87 198
198 200
200 84
84 133
133 198
198 170
170 3
3 133
133 198
198 84
84 191
191 35
35 170
170 31
31 61
61 84
84 133
133 198
198 84
84 31
31 198
198 170
170 133
133 35
35 84
84 142
142 35
35 84
