35 108
108 133
133 84
84 198
198 108
108 133
133 198
198 84
84 163
163 133
133 84
84 129
129 31
31 108
108 198
198 170
170 174
174 3
3 84
84 174
174 133
133 198
198 170
170 188
188 57
57 170
170 133
133 84
84 163
163 133
133 198
198 133
133 198
198 105
105 198
198 133
133 3
3 129
129 198
198 133
133 57
57 34
34 57
57 170
170 176
176 84
84 87
87 57
57 105
105 191
191 84
84 198
198 133
133 3
3 170
170 133
133 198
198 105
105 133
133 198
198 84
84 186
186 84
84 89
89 233
233 221
221 191
191 176
176 84
84 191
191 105
105 35
35 108
108 133
133 198
198 178
178 102
102 108
108 188
188 133
133 198
198 89
89 186
186 84
84 89
89 233
233 89
89 133
133 198
198 84
84 198
198 31
31 178
178 34
34 57
57 170
170 154
154 133
133 35
