191 224
224 52
52 170
170 31
31 142
142 31
31 133
133 198
198 133
133 84
84 198
198 133
133 84
84 19
19 133
133 3
3 84
84 87
87 178
178 105
105 57
57 165
165 105
105 191
191 84
84 174
174 221
221 84
84 174
174 168
168 84
84 35
35 133
133 35
35 108
108 205
205 105
105 198
198 133
133 188
188 170
170 3
3 133
133 198
198 84
84 3
3 129
129 198
198 133
133 19
19 133
133 35
35 170
170 31
31 142
142 80
80 31
31 142
142 170
170 31
31 142
142 80
80 31
31 170
170 174
174 31
31 142
142 80
80 31
31 142
142 129
129 31
31 142
142 80
80 146
146 35
35 133
133 198
198 84
84 187
187 105
105 198
198 133
133 163
163 170
170 133
133 108
108 233
233 89
89 174
174 198
198 84
84 198
198 133
133 111
111 35
35 31
31 170
170 133
