114 101
101 44
44 117
117 44
44 114
114 13
13 101
101 95
95 44
44 101
101 114
114 44
44 70
70 13
13 114
114 17
17 114
114 101
101 44
44 114
114 13
13 101
101 44
44 114
114 101
101 13
13 114
114 44
44 27
27 81
81 33
33 5
5 81
81 27
27 44
44 114
114 13
13 76
76 101
101 70
70 95
95 44
44 55
55 13
13 114
114 44
44 101
101 114
114 72
72 117
117 44
44 114
114 101
101 70
70 13
13 101
101 44
44 117
117 13
13 114
114 101
101 55
55 114
114 101
101 44
44 13
13 27
27 104
104 114
114 101
101 95
95 39
39 55
55 76
76 13
13 101
101 52
52 101
101 44
44 0
0 55
55 127
127 55
55 57
57 13
13 101
101 70
70 13
13 44
44 101
101 44
44 13
13 95
95 110
110 44
44 101
101 114
114 44
44 13
