35 112
112 233
233 35
35 233
233 133
133 105
105 35
35 133
133 198
198 84
84 163
163 133
133 198
198 89
89 187
187 105
105 133
133 84
84 142
142 3
3 84
84 108
108 3
3 133
133 198
198 84
84 174
174 19
19 198
198 133
133 3
3 84
84 174
174 198
198 105
105 57
57 105
105 84
84 198
198 133
133 168
168 174
174 84
84 198
198 87
87 133
133 198
198 191
191 57
57 105
105 178
178 142
142 105
105 191
191 108
108 35
35 133
133 108
108 35
35 133
133 205
205 84
84 198
198 133
133 84
84 3
3 129
129 84
84 198
198 174
174 84
84 198
198 105
105 191
191 108
108 233
233 89
89 174
174 84
84 198
198 105
105 133
133 198
198 84
84 187
187 105
105 35
35 84
84 174
174 84
84 198
198 84
84 163
163 133
133 84
84 198
198 133
133 3
3 108
