114 44
44 114
114 101
101 27
27 44
44 13
13 101
101 76
76 24
24 0
0 76
76 24
24 0
0 76
76 127
127 55
55 76
76 13
13 44
44 114
114 70
70 44
44 101
101 13
13 114
114 44
44 101
101 13
13 44
44 57
57 105
105 17
17 44
44 101
101 114
114 44
44 108
108 81
81 5
5 61
61 121
121 5
5 81
81 114
114 44
44 27
27 81
81 131
131 101
101 44
44 114
114 55
55 127
127 76
76 55
55 127
127 0
0 76
76 55
55 13
13 101
101 44
44 114
114 55
55 101
101 27
27 81
81 33
33 5
5 101
101 44
44 39
39 55
55 44
44 95
95 13
13 114
114 55
55 57
57 17
17 44
44 13
13 76
76 101
101 44
44 13
13 101
101 44
44 114
114 101
101 44
44 13
13 95
95 101
101 114
114 95
95 101
101 114
114 44
