169 124
124 34
34 168
168 31
31 35
35 170
170 133
133 198
198 84
84 163
163 133
133 84
84 200
200 105
105 198
198 133
133 198
198 170
170 3
3 133
133 198
198 188
188 133
133 198
198 105
105 87
87 84
84 198
198 133
133 108
108 133
133 198
198 105
105 108
108 178
178 89
89 191
191 170
170 35
35 133
133 84
84 89
89 191
191 105
105 198
198 133
133 3
3 84
84 198
198 133
133 188
188 61
61 170
170 133
133 35
35 61
61 31
31 35
35 80
80 142
142 31
31 142
142 31
31 142
142 31
31 84
84 198
198 133
133 198
198 133
133 31
31 170
170 35
35 108
108 205
205 174
174 198
198 105
105 108
108 198
198 89
89 178
178 102
102 108
108 133
133 84
84 198
198 87
87 198
198 105
105 121
121 133
133 105
105 111
111 198
198 105
105 45
45 133
133 84
