81 27
27 101
101 44
44 114
114 138
138 17
17 114
114 13
13 76
76 101
101 44
44 114
114 44
44 101
101 44
44 72
72 44
44 101
101 114
114 44
44 13
13 70
70 101
101 44
44 114
114 13
13 55
55 114
114 55
55 0
0 114
114 101
101 44
44 114
114 101
101 118
118 117
117 44
44 13
13 114
114 44
44 114
114 101
101 44
44 55
55 114
114 101
101 44
44 114
114 101
101 44
44 114
114 55
55 76
76 13
13 44
44 101
101 13
13 44
44 101
101 114
114 44
44 13
13 110
110 95
95 101
101 44
44 13
13 101
101 114
114 44
44 78
78 13
13 76
76 101
101 44
44 114
114 55
55 13
13 101
101 27
27 44
44 70
70 95
95 44
44 114
114 72
72 44
44 114
114 0
0 101
101 114
114 13
13 101
101 44
44 13
13 114
114 101
101 27
