187 105
105 35
35 133
133 198
198 170
170 3
3 170
170 133
133 3
3 170
170 31
31 198
198 129
129 3
3 133
133 198
198 133
133 168
168 3
3 84
84 198
198 133
133 84
84 198
198 133
133 205
205 84
84 133
133 198
198 84
84 168
168 133
133 198
198 108
108 133
133 163
163 170
170 133
133 198
198 200
200 87
87 133
133 198
198 37
37 108
108 198
198 105
105 191
191 105
105 89
89 191
191 221
221 84
84 174
174 198
198 84
84 186
186 198
198 133
133 3
3 52
52 168
168 3
3 133
133 198
198 133
133 57
57 105
105 84
84 198
198 133
133 108
108 200
200 133
133 198
198 133
133 135
135 207
207 105
105 198
198 87
87 133
133 198
198 84
84 19
19 198
198 84
84 174
174 87
87 198
198 133
133 19
19 125
125 133
133 19
19 198
198 133
133 187
187 84
