198 105
105 133
133 3
3 108
108 35
35 31
31 142
142 80
80 142
142 35
35 133
133 198
198 188
188 135
135 174
174 31
31 142
142 35
35 133
133 198
198 84
84 133
133 198
198 84
84 87
87 198
198 135
135 174
174 84
84 198
198 129
129 186
186 84
84 87
87 198
198 133
133 31
31 170
170 35
35 133
133 198
198 84
84 168
168 133
133 198
198 108
108 84
84 198
198 133
133 163
163 84
84 133
133 200
200 105
105 198
198 133
133 163
163 105
105 170
170 133
133 163
163 133
133 198
198 133
133 3
3 170
170 31
31 131
131 31
31 131
131 142
142 31
31 45
45 140
140 45
45 84
84 31
31 35
35 133
133 198
198 163
163 84
84 198
198 133
133 84
84 170
170 35
35 80
80 142
142 31
31 133
133 61
61 165
165 133
133 84
84 198
198 133
133 121
121 133
