49 44
44 114
114 101
101 44
44 114
114 13
13 101
101 47
47 101
101 114
114 13
13 101
101 114
114 105
105 13
13 114
114 13
13 70
70 44
44 101
101 13
13 105
105 57
57 114
114 44
44 70
70 101
101 13
13 114
114 44
44 27
27 101
101 44
44 39
39 95
95 13
13 101
101 114
114 57
57 44
44 114
114 101
101 13
13 101
101 55
55 44
44 101
101 44
44 101
101 13
13 114
114 101
101 13
13 78
78 0
0 76
76 127
127 24
24 0
0 24
24 76
76 0
0 127
127 76
76 55
55 13
13 95
95 13
13 114
114 101
101 114
114 101
101 44
44 27
27 81
81 5
5 27
27 13
13 44
44 103
103 13
13 44
44 101
101 114
114 44
44 117
117 72
72 13
13 76
76 24
24 67
67 0
0 11
11 67
67 0
0 76
76 24
24 0
0 76
