133 198
198 133
133 3
3 84
84 3
3 133
133 198
198 89
89 191
191 105
105 198
198 133
133 121
121 129
129 133
133 84
84 198
198 133
133 84
84 142
142 35
35 133
133 198
198 84
84 135
135 198
198 133
133 198
198 133
133 84
84 174
174 45
45 105
105 191
191 57
57 170
170 133
133 198
198 105
105 45
45 237
237 105
105 178
178 84
84 35
35 233
233 84
84 198
198 133
133 84
84 198
198 133
133 19
19 154
154 133
133 84
84 176
176 61
61 84
84 35
35 133
133 198
198 108
108 3
3 133
133 84
84 198
198 191
191 57
57 105
105 133
133 163
163 170
170 163
163 84
84 133
133 187
187 207
207 133
133 198
198 105
105 57
57 165
165 133
133 105
105 35
35 61
61 133
133 35
35 111
111 35
35 133
133 84
84 198
198 207
207 133
133 198
198 84
84 163
