105 198
198 133
133 108
108 84
84 133
133 198
198 133
133 198
198 84
84 3
3 133
133 129
129 3
3 84
84 174
174 233
233 89
89 191
191 221
221 198
198 84
84 187
187 207
207 84
84 198
198 133
133 129
129 84
84 198
198 129
129 133
133 84
84 198
198 133
133 108
108 198
198 84
84 133
133 198
198 84
84 198
198 133
133 163
163 170
170 133
133 108
108 35
35 133
133 84
84 205
205 133
133 198
198 133
133 198
198 84
84 174
174 198
198 105
105 108
108 200
200 84
84 133
133 35
35 108
108 198
198 37
37 178
178 198
198 87
87 176
176 84
84 31
31 168
168 170
170 191
191 185
185 224
224 173
173 185
185 224
224 191
191 3
3 84
84 198
198 35
35 84
84 174
174 31
31 142
142 80
80 31
31 45
45 133
133 84
84 198
198 133
133 198
198 87
87 198
