39 76
76 13
13 44
44 114
114 13
13 76
76 101
101 114
114 44
44 101
101 52
52 70
70 101
101 13
13 70
70 44
44 52
52 101
101 44
44 5
5 101
101 44
44 114
114 101
101 13
13 101
101 114
114 13
13 44
44 117
117 44
44 114
114 70
70 114
114 101
101 114
114 13
13 114
114 55
55 127
127 76
76 13
13 70
70 114
114 13
13 101
101 44
44 101
101 27
27 33
33 5
5 81
81 27
27 0
0 114
114 44
44 114
114 101
101 114
114 70
70 101
101 44
44 114
114 70
70 114
114 13
13 44
44 114
114 110
110 44
44 13
13 101
101 114
114 13
13 76
76 101
101 114
114 57
57 101
101 44
44 55
55 114
114 44
44 101
101 44
44 72
72 114
114 44
44 55
55 114
114 39
39 44
44 13
13 114
114 44
44 101
101 114
114 55
55 44
