47 101
101 44
44 114
114 55
55 44
44 101
101 13
13 44
44 114
114 123
123 39
39 114
114 78
78 44
44 114
114 55
55 114
114 13
13 44
44 114
114 13
13 44
44 95
95 55
55 114
114 13
13 108
108 44
44 101
101 95
95 13
13 101
101 114
114 101
101 44
44 114
114 13
13 95
95 70
70 101
101 72
72 95
95 13
13 101
101 44
44 114
114 117
117 44
44 70
70 95
95 114
114 44
44 13
13 114
114 44
44 101
101 95
95 44
44 114
114 101
101 27
27 44
44 101
101 114
114 13
13 101
101 44
44 101
101 114
114 44
44 13
13 27
27 44
44 101
101 13
13 70
70 44
44 101
101 114
114 13
13 55
55 44
44 114
114 101
101 44
44 13
13 57
57 44
44 114
114 101
101 70
70 44
44 13
13 76
76 101
101 55
55 95
95 44
44 70
