35 84
84 198
198 87
87 84
84 181
181 133
133 205
205 84
84 198
198 108
108 3
3 133
133 35
35 108
108 170
170 3
3 133
133 198
198 105
105 84
84 198
198 105
105 45
45 237
237 105
105 178
178 84
84 35
35 133
133 84
84 31
31 174
174 198
198 84
84 198
198 133
133 3
3 170
170 31
31 142
142 80
80 31
31 129
129 84
84 198
198 87
87 121
121 133
133 87
87 110
110 198
198 105
105 191
191 84
84 174
174 221
221 198
198 178
178 102
102 80
80 178
178 105
105 198
198 133
133 163
163 170
170 133
133 198
198 133
133 168
168 52
52 168
168 31
31 34
34 35
35 170
170 176
176 84
84 31
31 108
108 198
198 84
84 108
108 35
35 133
133 198
198 84
84 121
121 133
133 84
84 198
198 133
133 3
3 108
108 35
35 133
133 198
198 133
133 3
