114 55
55 76
76 13
13 114
114 44
44 17
17 138
138 44
44 101
101 114
114 13
13 44
44 101
101 114
114 44
44 13
13 114
114 105
105 108
108 44
44 101
101 13
13 114
114 44
44 114
114 13
13 114
114 5
5 121
121 61
61 24
24 0
0 127
127 55
55 0
0 39
39 55
55 13
13 101
101 47
47 101
101 114
114 55
55 44
44 114
114 55
55 39
39 44
44 114
114 13
13 76
76 114
114 101
101 13
13 70
70 27
27 101
101 114
114 70
70 44
44 13
13 101
101 44
44 114
114 101
101 44
44 108
108 101
101 70
70 44
44 114
114 70
70 44
44 114
114 70
70 44
44 13
13 114
114 55
55 101
101 27
27 5
5 50
50 27
27 44
44 114
114 17
17 44
44 101
101 13
13 44
44 114
114 13
13 44
44 55
55 13
13 114
114 101
101 76
