114 13
13 95
95 114
114 44
44 101
101 13
13 44
44 114
114 55
55 96
96 13
13 70
70 101
101 44
44 114
114 55
55 44
44 114
114 17
17 13
13 101
101 70
70 44
44 114
114 13
13 44
44 114
114 70
70 101
101 27
27 81
81 5
5 108
108 101
101 13
13 114
114 44
44 101
101 13
13 114
114 101
101 44
44 114
114 13
13 44
44 114
114 101
101 44
44 70
70 27
27 101
101 44
44 70
70 13
13 101
101 44
44 52
52 101
101 44
44 95
95 13
13 101
101 13
13 114
114 101
101 44
44 101
101 95
95 44
44 114
114 13
13 44
44 101
101 44
44 27
27 81
81 33
33 5
5 61
61 121
121 24
24 76
76 0
0 24
24 76
76 99
99 127
127 76
76 0
0 55
55 44
44 5
5 108
108 101
101 81
81 27
27 101
101 44
44 13
