198 129
129 133
133 198
198 129
129 3
3 84
84 133
133 198
198 129
129 3
3 84
84 191
191 221
221 105
105 178
178 142
142 35
35 108
108 198
198 133
133 84
84 198
198 133
133 129
129 3
3 133
133 198
198 89
89 188
188 57
57 170
170 188
188 57
57 105
105 133
133 198
198 87
87 133
133 198
198 105
105 84
84 3
3 133
133 198
198 84
84 108
108 35
35 34
34 31
31 142
142 80
80 142
142 35
35 111
111 133
133 35
35 84
84 198
198 31
31 176
176 61
61 31
31 133
133 84
84 205
205 207
207 133
133 198
198 84
84 31
31 181
181 170
170 31
31 133
133 108
108 84
84 191
191 188
188 170
170 133
133 35
35 19
19 133
133 35
35 31
31 143
143 142
142 35
35 84
84 198
198 133
133 3
3 108
108 198
198 133
133 3
3 84
84 198
198 105
