76 24
24 44
44 57
57 105
105 17
17 58
58 101
101 27
27 44
44 114
114 39
39 55
55 114
114 13
13 44
44 114
114 101
101 55
55 44
44 101
101 95
95 117
117 101
101 44
44 114
114 13
13 101
101 114
114 13
13 70
70 44
44 27
27 81
81 5
5 50
50 114
114 44
44 70
70 95
95 101
101 114
114 44
44 27
27 5
5 101
101 13
13 44
44 101
101 95
95 114
114 44
44 13
13 76
76 13
13 44
44 114
114 45
45 81
81 5
5 61
61 121
121 24
24 0
0 76
76 44
44 101
101 95
95 55
55 44
44 114
114 95
95 114
114 0
0 81
81 27
27 101
101 95
95 114
114 44
44 101
101 13
13 78
78 44
44 101
101 95
95 114
114 44
44 70
70 101
101 13
13 114
114 17
17 44
44 101
101 114
114 70
70 114
114 44
44 27
