149 31
31 80
80 31
31 142
142 80
80 31
31 45
45 198
198 174
174 84
84 198
198 105
105 191
191 142
142 35
35 143
143 40
40 79
79 142
142 35
35 133
133 168
168 52
52 168
168 52
52 133
133 3
3 170
170 31
31 168
168 84
84 198
198 105
105 108
108 198
198 84
84 178
178 108
108 198
198 133
133 84
84 205
205 133
133 198
198 84
84 3
3 133
133 198
198 105
105 191
191 221
221 84
84 178
178 84
84 35
35 112
112 233
233 35
35 133
133 105
105 35
35 108
108 84
84 133
133 198
198 84
84 3
3 133
133 198
198 31
31 45
45 170
170 35
35 133
133 205
205 84
84 198
198 105
105 87
87 198
198 105
105 133
133 198
198 108
108 237
237 198
198 108
108 84
84 198
198 133
133 198
198 105
105 198
198 84
84 191
191 3
3 105
105 35
35 84
