55 44
44 101
101 44
44 114
114 55
55 114
114 44
44 13
13 96
96 13
13 101
101 44
44 114
114 44
44 114
114 17
17 105
105 114
114 13
13 76
76 101
101 44
44 39
39 55
55 13
13 44
44 101
101 114
114 44
44 70
70 0
0 55
55 114
114 44
44 13
13 95
95 101
101 44
44 114
114 44
44 46
46 114
114 13
13 55
55 0
0 44
44 101
101 13
13 44
44 101
101 114
114 55
55 0
0 44
44 101
101 13
13 114
114 55
55 13
13 44
44 101
101 114
114 50
50 5
5 50
50 5
5 33
33 81
81 5
5 61
61 121
121 88
88 61
61 11
11 0
0 127
127 55
55 114
114 101
101 13
13 114
114 44
44 101
101 114
114 57
57 114
114 13
13 95
95 44
44 114
114 46
46 105
105 13
13 114
114 44
44 101
101 13
13 70
70 101
