101 44
44 114
114 105
105 55
55 13
13 44
44 101
101 72
72 117
117 44
44 114
114 44
44 101
101 114
114 13
13 44
44 72
72 44
44 13
13 70
70 101
101 117
117 44
44 95
95 55
55 13
13 44
44 117
117 101
101 44
44 13
13 114
114 44
44 101
101 131
131 81
81 27
27 101
101 114
114 13
13 17
17 114
114 44
44 101
101 44
44 70
70 13
13 44
44 70
70 44
44 114
114 13
13 44
44 114
114 70
70 101
101 114
114 13
13 44
44 101
101 44
44 114
114 95
95 72
72 44
44 70
70 114
114 44
44 13
13 101
101 44
44 52
52 101
101 44
44 114
114 101
101 13
13 95
95 101
101 44
44 114
114 55
55 101
101 44
44 55
55 57
57 105
105 44
44 114
114 13
13 101
101 44
44 55
55 44
44 114
114 44
44 70
70 55
55 0
