3 129
129 198
198 133
133 205
205 174
174 84
84 89
89 233
233 35
35 31
31 142
142 35
35 133
133 198
198 188
188 102
102 178
178 170
170 31
31 80
80 142
142 35
35 108
108 198
198 84
84 168
168 84
84 198
198 133
133 84
84 174
174 3
3 170
170 9
9 3
3 170
170 133
133 87
87 133
133 198
198 105
105 198
198 84
84 3
3 133
133 198
198 84
84 108
108 35
35 133
133 198
198 84
84 3
3 133
133 198
198 89
89 174
174 198
198 84
84 174
174 84
84 198
198 133
133 198
198 35
35 84
84 198
198 133
133 3
3 84
84 198
198 133
133 84
84 176
176 198
198 84
84 121
121 133
133 84
84 198
198 133
133 84
84 35
35 31
31 142
142 35
35 111
111 35
35 133
133 87
87 181
181 84
84 35
35 233
233 84
84 142
142 191
191 133
133 198
