108 3
3 170
170 31
31 80
80 142
142 3
3 133
133 35
35 89
89 174
174 221
221 198
198 84
84 205
205 133
133 198
198 87
87 84
84 198
198 133
133 163
163 84
84 198
198 105
105 87
87 133
133 198
198 84
84 3
3 84
84 198
198 133
133 105
105 198
198 84
84 133
133 163
163 84
84 133
133 35
35 170
170 133
133 105
105 198
198 87
87 108
108 178
178 102
102 80
80 170
170 31
31 131
131 142
142 31
31 133
133 198
198 105
105 198
198 133
133 3
3 84
84 133
133 3
3 5
5 133
133 3
3 105
105 198
198 84
84 176
176 221
221 191
191 84
84 198
198 133
133 108
108 35
35 170
170 31
31 142
142 35
35 111
111 133
133 84
84 176
176 84
84 191
191 133
133 35
35 108
108 133
133 198
198 129
129 84
84 35
35 191
191 105
105 198
198 163
