133 105
105 198
198 133
133 84
84 108
108 133
133 198
198 84
84 121
121 133
133 105
105 89
89 186
186 84
84 133
133 108
108 198
198 84
84 176
176 84
84 31
31 181
181 84
84 35
35 19
19 198
198 84
84 163
163 84
84 198
198 133
133 19
19 154
154 133
133 84
84 233
233 97
97 84
84 233
233 35
35 84
84 198
198 105
105 133
133 198
198 84
84 133
133 163
163 84
84 198
198 133
133 198
198 22
22 133
133 164
164 19
19 133
133 84
84 163
163 133
133 198
198 133
133 111
111 198
198 133
133 3
3 133
133 84
84 198
198 84
84 31
31 198
198 133
133 3
3 5
5 129
129 3
3 133
133 84
84 35
35 108
108 84
84 198
198 133
133 84
84 35
35 108
108 105
105 198
198 84
84 133
133 198
198 84
84 198
198 105
105 102
102 178
178 188
188 57
