101 27
27 5
5 81
81 44
44 114
114 13
13 101
101 44
44 114
114 44
44 114
114 13
13 70
70 114
114 44
44 108
108 101
101 44
44 114
114 39
39 55
55 123
123 44
44 114
114 95
95 13
13 44
44 27
27 81
81 24
24 61
61 121
121 5
5 33
33 5
5 61
61 121
121 5
5 81
81 27
27 44
44 13
13 55
55 0
0 127
127 55
55 114
114 44
44 117
117 101
101 44
44 61
61 24
24 44
44 101
101 27
27 5
5 81
81 44
44 114
114 13
13 70
70 101
101 114
114 101
101 13
13 76
76 24
24 67
67 76
76 24
24 39
39 123
123 76
76 0
0 101
101 70
70 13
13 114
114 70
70 44
44 55
55 95
95 101
101 114
114 13
13 114
114 44
44 17
17 114
114 44
44 27
27 101
101 44
44 61
61 5
5 81
81 27
27 131
