81 64
64 5
5 81
81 27
27 101
101 13
13 114
114 70
70 13
13 114
114 117
117 72
72 114
114 70
70 55
55 44
44 101
101 72
72 95
95 13
13 44
44 114
114 101
101 44
44 70
70 44
44 101
101 114
114 13
13 95
95 70
70 44
44 95
95 101
101 13
13 114
114 44
44 13
13 70
70 101
101 44
44 101
101 114
114 105
105 17
17 114
114 44
44 101
101 114
114 44
44 13
13 101
101 114
114 44
44 13
13 57
57 17
17 44
44 101
101 114
114 44
44 101
101 52
52 44
44 101
101 70
70 114
114 72
72 101
101 13
13 44
44 114
114 13
13 78
78 13
13 44
44 101
101 13
13 70
70 101
101 13
13 44
44 108
108 95
95 13
13 114
114 72
72 13
13 44
44 114
114 13
13 101
101 55
55 114
114 44
44 108
108 101
101 44
44 13
