84 133
133 198
198 84
84 174
174 84
84 198
198 87
87 133
133 187
187 164
164 170
170 133
133 87
87 19
19 133
133 108
108 84
84 170
170 3
3 108
108 191
191 35
35 170
170 176
176 84
84 87
87 191
191 105
105 213
213 198
198 105
105 135
135 198
198 133
133 3
3 129
129 198
198 133
133 108
108 198
198 105
105 198
198 133
133 3
3 170
170 35
35 108
108 133
133 3
3 133
133 198
198 105
105 84
84 221
221 191
191 178
178 142
142 35
35 133
133 105
105 133
133 108
108 3
3 133
133 198
198 105
105 191
191 57
57 87
87 105
105 191
191 84
84 198
198 133
133 198
198 200
200 133
133 198
198 105
105 135
135 200
200 28
28 135
135 200
200 84
84 198
198 133
133 198
198 133
133 84
84 176
176 188
188 170
170 191
191 80
80 142
142 31
31 198
198 133
