84 198
198 133
133 105
105 198
198 133
133 87
87 198
198 133
133 84
84 198
198 133
133 198
198 133
133 21
21 198
198 133
133 31
31 35
35 170
170 31
31 84
84 35
35 108
108 198
198 105
105 133
133 205
205 174
174 84
84 31
31 151
151 84
84 31
31 3
3 133
133 198
198 133
133 198
198 108
108 133
133 198
198 84
84 163
163 84
84 198
198 133
133 84
84 178
178 105
105 84
84 3
3 133
133 108
108 198
198 133
133 198
198 84
84 111
111 133
133 3
3 129
129 31
31 142
142 35
35 133
133 198
198 129
129 163
163 133
133 198
198 129
129 133
133 84
84 174
174 84
84 142
142 31
31 142
142 35
35 108
108 198
198 84
84 176
176 221
221 191
191 84
84 198
198 133
133 129
129 31
31 142
142 80
80 143
143 142
142 31
31 131
131 142
142 31
31 80
