44 114
114 138
138 17
17 138
138 102
102 17
17 44
44 114
114 57
57 101
101 44
44 114
114 70
70 13
13 114
114 44
44 13
13 114
114 44
44 72
72 44
44 101
101 70
70 44
44 101
101 44
44 114
114 13
13 70
70 114
114 13
13 70
70 101
101 44
44 27
27 114
114 13
13 44
44 101
101 44
44 114
114 101
101 44
44 114
114 55
55 95
95 101
101 44
44 101
101 44
44 13
13 101
101 44
44 70
70 114
114 44
44 13
13 96
96 49
49 55
55 114
114 101
101 44
44 114
114 39
39 121
121 114
114 0
0 61
61 44
44 117
117 114
114 44
44 13
13 101
101 44
44 114
114 101
101 5
5 44
44 13
13 95
95 47
47 101
101 114
114 44
44 101
101 13
13 114
114 101
101 44
44 114
114 101
101 70
70 95
95 27
27 101
101 44
44 39
