117 84
84 200
200 133
133 198
198 84
84 163
163 133
133 198
198 84
84 121
121 133
133 84
84 3
3 133
133 35
35 111
111 35
35 133
133 61
61 84
84 133
133 3
3 108
108 133
133 198
198 84
84 163
163 198
198 133
133 205
205 84
84 198
198 133
133 31
31 193
193 84
84 31
31 129
129 133
133 163
163 84
84 198
198 133
133 108
108 84
84 178
178 188
188 57
57 170
170 133
133 198
198 84
84 108
108 191
191 105
105 233
233 84
84 198
198 133
133 205
205 84
84 133
133 3
3 84
84 87
87 198
198 133
133 31
31 133
133 198
198 84
84 176
176 87
87 84
84 133
133 198
198 105
105 108
108 198
198 84
84 198
198 233
233 213
213 174
174 168
168 31
31 84
84 133
133 198
198 105
105 133
133 198
198 170
170 133
133 198
198 84
84 163
163 129
129 198
