3 133
133 198
198 129
129 3
3 133
133 198
198 87
87 178
178 84
84 198
198 133
133 129
129 3
3 133
133 198
198 133
133 31
31 198
198 108
108 133
133 198
198 84
84 87
87 198
198 133
133 198
198 87
87 140
140 123
123 87
87 133
133 19
19 84
84 133
133 3
3 133
133 108
108 133
133 105
105 198
198 133
133 163
163 170
170 133
133 198
198 87
87 198
198 84
84 105
105 198
198 133
133 163
163 84
84 163
163 133
133 198
198 84
84 168
168 31
31 191
191 35
35 84
84 168
168 198
198 133
133 205
205 84
84 198
198 133
133 19
19 198
198 133
133 3
3 170
170 133
133 198
198 84
84 198
198 133
133 3
3 133
133 35
35 108
108 84
84 3
3 133
133 198
198 108
108 188
188 133
133 198
198 84
84 186
186 84
84 3
3 133
133 87
87 198
198 84
