44 101
101 114
114 105
105 17
17 114
114 101
101 13
13 114
114 55
55 114
114 13
13 55
55 114
114 13
13 95
95 44
44 114
114 105
105 13
13 114
114 44
44 114
114 13
13 95
95 13
13 101
101 117
117 70
70 114
114 13
13 101
101 114
114 13
13 44
44 101
101 70
70 44
44 101
101 44
44 114
114 13
13 44
44 78
78 0
0 76
76 24
24 67
67 0
0 76
76 127
127 0
0 76
76 44
44 114
114 105
105 44
44 138
138 102
102 17
17 138
138 13
13 72
72 44
44 114
114 70
70 13
13 101
101 13
13 55
55 44
44 114
114 101
101 44
44 55
55 13
13 114
114 57
57 105
105 17
17 13
13 101
101 108
108 114
114 44
44 95
95 72
72 101
101 76
76 39
39 55
55 127
127 76
76 55
55 114
114 13
13 95
95 44
44 13
13 101
