114 44
44 117
117 116
116 13
13 114
114 101
101 70
70 117
117 13
13 101
101 114
114 44
44 101
101 70
70 13
13 101
101 114
114 13
13 44
44 101
101 114
114 70
70 27
27 81
81 5
5 101
101 44
44 114
114 13
13 95
95 55
55 101
101 13
13 44
44 101
101 114
114 44
44 70
70 114
114 44
44 108
108 131
131 44
44 13
13 76
76 0
0 44
44 101
101 72
72 13
13 44
44 17
17 102
102 17
17 44
44 114
114 13
13 76
76 24
24 0
0 76
76 114
114 101
101 70
70 114
114 101
101 13
13 116
116 13
13 114
114 101
101 13
13 114
114 101
101 44
44 70
70 0
0 55
55 78
78 114
114 27
27 5
5 33
33 61
61 5
5 50
50 131
131 101
101 55
55 44
44 13
13 101
101 104
104 55
55 44
44 117
117 70
70 101
101 114
