146 36
36 35
35 31
31 170
170 80
80 31
31 142
142 80
80 31
31 198
198 84
84 31
31 3
3 133
133 198
198 84
84 205
205 133
133 198
198 105
105 178
178 108
108 35
35 133
133 170
170 31
31 142
142 35
35 108
108 35
35 133
133 84
84 133
133 198
198 105
105 108
108 198
198 84
84 187
187 84
84 35
35 133
133 198
198 105
105 133
133 198
198 87
87 102
102 181
181 87
87 84
84 198
198 105
105 102
102 108
108 35
35 133
133 198
198 84
84 205
205 133
133 198
198 84
84 168
168 84
84 198
198 133
133 108
108 200
200 84
84 198
198 163
163 84
84 198
198 133
133 3
3 108
108 133
133 198
198 168
168 133
133 84
84 35
35 19
19 87
87 133
133 198
198 84
84 105
105 108
108 3
3 170
170 34
34 168
168 35
35 133
133 198
198 84
84 168
