72 7
7 132
132 144
144 32
32 225
225 144
144 32
32 80
80 149
149 31
31 80
80 150
150 31
31 170
170 174
174 187
187 84
84 133
133 198
198 129
129 3
3 108
108 133
133 84
84 13
13 14
14 84
84 172
172 14
14 84
84 35
35 108
108 133
133 3
3 133
133 35
35 108
108 133
133 108
108 193
193 31
31 133
133 170
170 31
31 142
142 174
174 89
89 142
142 105
105 198
198 84
84 45
45 168
168 34
34 35
35 170
170 133
133 3
3 84
84 89
89 233
233 84
84 198
198 87
87 176
176 133
133 31
31 142
142 80
80 178
178 142
142 35
35 108
108 31
31 174
174 84
84 89
89 178
178 84
84 108
108 133
133 198
198 111
111 186
186 105
105 89
89 191
191 105
105 170
170 3
3 133
133 84
84 198
198 105
105 191
191 221
221 84
84 174
174 233
