87 133
133 57
57 105
105 133
133 198
198 84
84 174
174 3
3 170
170 31
31 84
84 174
174 187
187 84
84 133
133 163
163 84
84 198
198 133
133 163
163 84
84 198
198 133
133 105
105 198
198 133
133 105
105 191
191 108
108 198
198 133
133 84
84 163
163 198
198 133
133 198
198 35
35 111
111 133
133 84
84 39
39 133
133 84
84 198
198 87
87 178
178 198
198 105
105 84
84 198
198 105
105 135
135 207
207 133
133 198
198 108
108 110
110 198
198 87
87 133
133 198
198 108
108 133
133 3
3 5
5 129
129 133
133 3
3 133
133 5
5 111
111 133
133 108
108 191
191 37
37 108
108 191
191 170
170 35
35 108
108 133
133 198
198 170
170 3
3 84
84 168
168 191
191 198
198 84
84 186
186 84
84 198
198 133
133 194
194 84
84 198
198 105
105 191
191 108
