114 44
44 70
70 114
114 44
44 114
114 44
44 101
101 114
114 70
70 101
101 44
44 114
114 101
101 44
44 114
114 53
53 44
44 114
114 13
13 44
44 55
55 96
96 13
13 101
101 44
44 95
95 101
101 0
0 24
24 76
76 121
121 39
39 114
114 101
101 44
44 81
81 101
101 55
55 114
114 101
101 44
44 70
70 101
101 44
44 55
55 0
0 127
127 76
76 13
13 44
44 101
101 114
114 13
13 114
114 44
44 27
27 44
44 13
13 70
70 44
44 114
114 101
101 95
95 114
114 13
13 114
114 44
44 101
101 117
117 44
44 101
101 76
76 13
13 114
114 101
101 13
13 76
76 0
0 24
24 27
27 44
44 101
101 108
108 50
50 5
5 33
33 61
61 5
5 33
33 81
81 101
101 114
114 44
44 70
70 114
114 55
55 39
39 76
76 55
