191 172
172 3
3 84
84 198
198 133
133 205
205 84
84 198
198 133
133 19
19 198
198 133
133 198
198 84
84 168
168 198
198 133
133 84
84 181
181 84
84 89
89 191
191 170
170 35
35 84
84 198
198 133
133 205
205 133
133 198
198 87
87 133
133 123
123 12
12 133
133 170
170 163
163 133
133 198
198 84
84 3
3 133
133 108
108 31
31 170
170 133
133 35
35 31
31 133
133 80
80 142
142 35
35 133
133 198
198 87
87 19
19 84
84 35
35 31
31 174
174 84
84 198
198 105
105 163
163 198
198 133
133 205
205 84
84 198
198 188
188 102
102 108
108 178
178 89
89 191
191 176
176 35
35 84
84 198
198 108
108 84
84 133
133 3
3 170
170 34
34 108
108 35
35 133
133 198
198 170
170 163
163 84
84 198
198 133
133 168
168 84
84 198
198 133
133 108
