133 198
198 84
84 129
129 31
31 133
133 84
84 174
174 31
31 170
170 31
31 142
142 35
35 84
84 198
198 133
133 163
163 84
84 133
133 205
205 170
170 133
133 163
163 84
84 133
133 3
3 133
133 198
198 87
87 133
133 198
198 87
87 105
105 198
198 133
133 19
19 198
198 133
133 84
84 163
163 133
133 170
170 3
3 133
133 168
168 84
84 45
45 168
168 34
34 35
35 170
170 31
31 80
80 150
150 35
35 133
133 198
198 105
105 191
191 87
87 198
198 84
84 178
178 57
57 35
35 133
133 111
111 207
207 133
133 198
198 84
84 187
187 198
198 133
133 84
84 198
198 133
133 3
3 108
108 198
198 84
84 133
133 198
198 84
84 133
133 198
198 89
89 174
174 84
84 198
198 105
105 191
191 57
57 35
35 133
133 198
198 105
105 57
57 165
165 105
