170 3
3 198
198 105
105 198
198 133
133 198
198 108
108 31
31 84
84 198
198 200
200 84
84 178
178 87
87 198
198 105
105 102
102 178
178 105
105 35
35 108
108 133
133 198
198 84
84 186
186 105
105 133
133 198
198 84
84 178
178 108
108 198
198 87
87 163
163 84
84 198
198 129
129 3
3 5
5 133
133 170
170 3
3 84
84 170
170 188
188 54
54 3
3 105
105 57
57 165
165 105
105 84
84 198
198 133
133 3
3 108
108 198
198 170
170 176
176 35
35 84
84 198
198 191
191 105
105 198
198 133
133 198
198 105
105 191
191 45
45 168
168 84
84 198
198 133
133 163
163 198
198 133
133 84
84 200
200 133
133 84
84 35
35 108
108 198
198 105
105 133
133 3
3 164
164 133
133 170
170 154
154 133
133 35
35 3
3 133
133 198
198 105
105 191
191 142
