221 84
84 174
174 84
84 198
198 133
133 198
198 105
105 133
133 198
198 205
205 105
105 198
198 84
84 133
133 198
198 133
133 57
57 170
170 133
133 108
108 198
198 133
133 3
3 170
170 133
133 207
207 84
84 133
133 198
198 84
84 31
31 168
168 84
84 35
35 191
191 133
133 105
105 170
170 191
191 3
3 84
84 89
89 233
233 89
89 174
174 84
84 142
142 129
129 198
198 84
84 163
163 133
133 198
198 84
84 133
133 87
87 142
142 178
178 89
89 191
191 105
105 198
198 84
84 108
108 133
133 87
87 198
198 133
133 3
3 84
84 198
198 105
105 163
163 133
133 198
198 84
84 198
198 105
105 191
191 198
198 168
168 3
3 133
133 198
198 84
84 198
198 105
105 198
198 133
133 108
108 198
198 133
133 3
3 108
108 31
31 170
170 35
35 108
108 233
