198 133
133 168
168 198
198 133
133 84
84 168
168 84
84 198
198 108
108 178
178 105
105 191
191 198
198 143
143 31
31 80
80 142
142 31
31 108
108 84
84 174
174 133
133 198
198 133
133 105
105 84
84 108
108 133
133 198
198 133
133 198
198 84
84 133
133 205
205 84
84 198
198 133
133 3
3 170
170 9
9 3
3 170
170 35
35 111
111 133
133 35
35 84
84 31
31 3
3 133
133 31
31 108
108 198
198 84
84 205
205 133
133 198
198 133
133 84
84 35
35 84
84 61
61 133
133 84
84 198
198 133
133 198
198 84
84 105
105 35
35 19
19 198
198 133
133 84
84 198
198 105
105 133
133 198
198 129
129 163
163 84
84 198
198 105
105 198
198 133
133 3
3 133
133 105
105 198
198 105
105 174
174 84
84 198
198 133
133 205
205 84
84 198
198 87
87 191
