133 87
87 170
170 176
176 84
84 31
31 233
233 84
84 108
108 133
133 105
105 178
178 87
87 198
198 105
105 121
121 133
133 84
84 168
168 3
3 84
84 198
198 133
133 108
108 35
35 133
133 105
105 233
233 191
191 142
142 79
79 142
142 105
105 87
87 198
198 133
133 198
198 133
133 198
198 84
84 3
3 108
108 133
133 198
198 105
105 133
133 198
198 168
168 133
133 198
198 133
133 84
84 168
168 14
14 133
133 170
170 35
35 181
181 87
87 35
35 84
84 198
198 133
133 108
108 133
133 198
198 84
84 198
198 191
191 133
133 198
198 89
89 178
178 57
57 89
89 129
129 198
198 133
133 3
3 170
170 31
31 80
80 150
150 34
34 181
181 35
35 84
84 198
198 133
133 105
105 198
198 133
133 163
163 84
84 140
140 45
45 84
84 35
35 108
108 31
