172 14
14 84
84 3
3 133
133 35
35 170
170 31
31 133
133 84
84 163
163 129
129 198
198 133
133 108
108 200
200 87
87 35
35 133
133 35
35 84
84 233
233 35
35 191
191 133
133 84
84 198
198 133
133 3
3 129
129 198
198 133
133 108
108 198
198 133
133 129
129 198
198 35
35 133
133 198
198 174
174 84
84 198
198 133
133 205
205 105
105 84
84 198
198 133
133 205
205 84
84 198
198 133
133 3
3 133
133 198
198 35
35 84
84 198
198 133
133 84
84 121
121 129
129 84
84 133
133 198
198 87
87 133
133 200
200 105
105 135
135 198
198 105
105 3
3 108
108 191
191 105
105 198
198 163
163 84
84 198
198 133
133 121
121 133
133 31
31 170
170 191
191 198
198 89
89 213
213 178
178 105
105 198
198 201
201 84
84 198
198 133
133 108
108 198
198 133
