135 198
198 133
133 198
198 105
105 57
57 165
165 105
105 84
84 163
163 133
133 111
111 133
133 35
35 108
108 31
31 35
35 133
133 198
198 84
84 87
87 35
35 133
133 205
205 84
84 198
198 133
133 84
84 198
198 87
87 84
84 198
198 174
174 133
133 198
198 84
84 198
198 105
105 108
108 133
133 198
198 87
87 19
19 133
133 3
3 170
170 35
35 133
133 146
146 35
35 133
133 84
84 121
121 133
133 84
84 205
205 133
133 84
84 174
174 191
191 105
105 35
35 61
61 31
31 133
133 198
198 229
229 198
198 133
133 87
87 178
178 105
105 89
89 191
191 57
57 89
89 191
191 198
198 133
133 198
198 84
84 87
87 181
181 84
84 35
35 133
133 198
198 84
84 198
198 208
208 84
84 198
198 133
133 198
198 108
108 3
3 133
133 198
198 108
108 205
