33 124
124 61
61 33
33 81
81 5
5 33
33 81
81 27
27 44
44 114
114 101
101 44
44 114
114 13
13 101
101 117
117 44
44 101
101 44
44 27
27 101
101 72
72 95
95 101
101 44
44 108
108 101
101 44
44 114
114 44
44 114
114 17
17 138
138 44
44 101
101 131
131 44
44 70
70 101
101 13
13 44
44 114
114 13
13 101
101 114
114 95
95 101
101 114
114 13
13 101
101 27
27 50
50 81
81 50
50 27
27 5
5 108
108 101
101 44
44 101
101 131
131 44
44 101
101 44
44 101
101 44
44 114
114 117
117 44
44 101
101 114
114 44
44 27
27 101
101 114
114 44
44 70
70 13
13 44
44 114
114 13
13 44
44 114
114 101
101 95
95 13
13 114
114 70
70 101
101 13
13 44
44 55
55 101
101 13
13 70
70 101
101 44
44 114
114 101
