13 76
76 24
24 67
67 0
0 127
127 0
0 13
13 101
101 27
27 70
70 114
114 55
55 0
0 76
76 127
127 0
0 13
13 114
114 70
70 101
101 27
27 44
44 101
101 44
44 27
27 81
81 44
44 101
101 95
95 55
55 13
13 114
114 44
44 101
101 114
114 44
44 57
57 114
114 101
101 44
44 72
72 101
101 44
44 101
101 114
114 13
13 95
95 101
101 13
13 44
44 101
101 13
13 78
78 101
101 44
44 114
114 13
13 114
114 44
44 27
27 131
131 101
101 44
44 114
114 101
101 70
70 114
114 13
13 101
101 44
44 131
131 108
108 101
101 55
55 114
114 44
44 55
55 114
114 44
44 13
13 101
101 114
114 55
55 39
39 31
31 0
0 39
39 114
114 13
13 44
44 114
114 13
13 101
101 44
44 13
13 105
105 44
44 114
114 55
