114 13
13 44
44 70
70 101
101 114
114 44
44 101
101 13
13 76
76 13
13 101
101 13
13 70
70 101
101 44
44 27
27 81
81 114
114 101
101 76
76 0
0 24
24 76
76 127
127 0
0 76
76 101
101 44
44 101
101 114
114 44
44 95
95 55
55 13
13 70
70 101
101 44
44 114
114 13
13 76
76 101
101 44
44 70
70 117
117 114
114 101
101 44
44 27
27 101
101 44
44 13
13 101
101 44
44 13
13 44
44 27
27 114
114 95
95 55
55 114
114 55
55 0
0 76
76 127
127 26
26 62
62 127
127 62
62 127
127 24
24 76
76 0
0 67
67 24
24 0
0 67
67 95
95 44
44 101
101 76
76 39
39 55
55 0
0 67
67 24
24 76
76 44
44 101
101 44
44 27
27 81
81 5
5 61
61 121
121 61
61 88
88 121
121 61
61 5
