87 198
198 133
133 3
3 84
84 198
198 105
105 178
178 221
221 191
191 84
84 198
198 133
133 57
57 188
188 133
133 198
198 105
105 133
133 198
198 84
84 133
133 198
198 108
108 84
84 133
133 35
35 170
170 133
133 84
84 3
3 133
133 198
198 142
142 174
174 89
89 90
90 174
174 89
89 90
90 174
174 89
89 168
168 35
35 133
133 198
198 84
84 3
3 108
108 198
198 84
84 168
168 174
174 31
31 84
84 198
198 133
133 129
129 198
198 142
142 31
31 111
111 35
35 133
133 198
198 87
87 133
133 207
207 87
87 198
198 84
84 163
163 84
84 198
198 87
87 133
133 198
198 84
84 168
168 14
14 133
133 198
198 105
105 133
133 205
205 84
84 205
205 133
133 84
84 200
200 105
105 84
84 191
191 133
133 198
198 84
84 108
108 233
233 35
35 34
