114 101
101 13
13 70
70 114
114 13
13 101
101 44
44 114
114 101
101 44
44 114
114 44
44 76
76 13
13 114
114 44
44 101
101 27
27 44
44 114
114 101
101 44
44 117
117 70
70 44
44 101
101 44
44 114
114 110
110 44
44 13
13 95
95 101
101 114
114 70
70 13
13 44
44 101
101 114
114 55
55 44
44 101
101 114
114 70
70 13
13 101
101 13
13 114
114 55
55 44
44 114
114 101
101 44
44 114
114 44
44 105
105 57
57 114
114 101
101 70
70 44
44 114
114 101
101 44
44 117
117 44
44 70
70 114
114 101
101 44
44 76
76 0
0 24
24 44
44 27
27 81
81 5
5 33
33 124
124 61
61 33
33 81
81 27
27 101
101 13
13 114
114 13
13 114
114 101
101 44
44 13
13 101
101 114
114 44
44 101
101 70
70 114
114 13
13 95
