142 31
31 191
191 80
80 31
31 142
142 31
31 84
84 198
198 108
108 3
3 133
133 35
35 170
170 133
133 3
3 133
133 84
84 35
35 108
108 133
133 198
198 174
174 187
187 84
84 3
3 133
133 170
170 176
176 84
84 89
89 191
191 84
84 174
174 186
186 84
84 89
89 176
176 84
84 105
105 191
191 105
105 233
233 191
191 133
133 198
198 133
133 108
108 133
133 198
198 200
200 84
84 198
198 87
87 133
133 84
84 39
39 133
133 84
84 200
200 105
105 35
35 108
108 198
198 170
170 133
133 198
198 170
170 163
163 108
108 198
198 133
133 84
84 198
198 87
87 133
133 198
198 84
84 178
178 108
108 35
35 19
19 87
87 133
133 198
198 84
84 205
205 133
133 198
198 87
87 84
84 198
198 133
133 163
163 84
84 163
163 198
198 84
84 188
188 57
