70 114
114 13
13 76
76 44
44 70
70 101
101 13
13 70
70 95
95 13
13 44
44 103
103 44
44 13
13 110
110 44
44 101
101 114
114 55
55 13
13 70
70 114
114 44
44 101
101 70
70 117
117 114
114 101
101 44
44 13
13 114
114 101
101 114
114 101
101 44
44 114
114 44
44 101
101 52
52 13
13 101
101 55
55 13
13 70
70 95
95 70
70 114
114 44
44 101
101 114
114 44
44 101
101 55
55 76
76 127
127 39
39 114
114 101
101 55
55 114
114 13
13 101
101 114
114 44
44 70
70 101
101 13
13 95
95 55
55 114
114 55
55 114
114 55
55 101
101 44
44 76
76 24
24 0
0 76
76 39
39 55
55 114
114 44
44 81
81 131
131 44
44 101
101 76
76 13
13 114
114 44
44 101
101 114
114 39
39 55
55 101
101 70
70 44
44 114
