5 81
81 27
27 101
101 70
70 44
44 101
101 114
114 44
44 0
0 24
24 76
76 0
0 24
24 0
0 76
76 127
127 55
55 76
76 0
0 55
55 127
127 76
76 0
0 70
70 101
101 114
114 44
44 101
101 114
114 0
0 76
76 73
73 0
0 76
76 44
44 114
114 46
46 105
105 114
114 46
46 105
105 44
44 13
13 78
78 114
114 44
44 114
114 13
13 44
44 13
13 101
101 27
27 101
101 44
44 114
114 57
57 13
13 101
101 27
27 44
44 101
101 13
13 70
70 44
44 110
110 13
13 101
101 44
44 52
52 44
44 101
101 27
27 114
114 44
44 13
13 70
70 101
101 114
114 117
117 44
44 101
101 114
114 13
13 70
70 44
44 101
101 95
95 13
13 101
101 13
13 70
70 101
101 27
27 5
5 121
121 61
61 88
88 61
61 121
