0 76
76 55
55 39
39 127
127 76
76 114
114 44
44 101
101 114
114 70
70 27
27 101
101 44
44 114
114 13
13 101
101 44
44 114
114 101
101 44
44 101
101 27
27 72
72 101
101 114
114 44
44 13
13 101
101 114
114 13
13 101
101 44
44 13
13 114
114 44
44 55
55 13
13 114
114 55
55 13
13 76
76 13
13 114
114 101
101 44
44 101
101 70
70 13
13 44
44 114
114 13
13 44
44 101
101 114
114 13
13 117
117 72
72 101
101 44
44 55
55 114
114 13
13 101
101 13
13 114
114 44
44 101
101 13
13 44
44 101
101 114
114 55
55 44
44 13
13 114
114 44
44 70
70 44
44 17
17 105
105 13
13 44
44 117
117 70
70 44
44 55
55 13
13 44
44 114
114 55
55 78
78 101
101 114
114 13
13 101
101 44
44 114
114 13
13 101
