105 89
89 191
191 57
57 84
84 89
89 178
178 105
105 198
198 133
133 102
102 198
198 105
105 133
133 116
116 105
105 133
133 198
198 84
84 19
19 133
133 35
35 19
19 133
133 87
87 35
35 84
84 205
205 133
133 84
84 198
198 133
133 205
205 84
84 133
133 198
198 35
35 108
108 198
198 133
133 205
205 35
35 112
112 198
198 108
108 110
110 198
198 87
87 133
133 207
207 105
105 198
198 133
133 168
168 84
84 133
133 198
198 35
35 19
19 198
198 133
133 198
198 133
133 105
105 170
170 133
133 198
198 84
84 133
133 198
198 105
105 191
191 84
84 198
198 22
22 105
105 198
198 84
84 187
187 105
105 191
191 87
87 142
142 178
178 105
105 35
35 133
133 84
84 35
35 133
133 111
111 205
205 133
133 84
84 198
198 133
133 105
105 178
178 200
200 105
