76 13
13 114
114 44
44 78
78 44
44 114
114 44
44 103
103 44
44 114
114 101
101 44
44 13
13 101
101 114
114 44
44 70
70 13
13 101
101 44
44 108
108 117
117 101
101 44
44 13
13 70
70 114
114 13
13 46
46 114
114 44
44 105
105 114
114 44
44 101
101 114
114 13
13 55
55 101
101 114
114 13
13 101
101 95
95 13
13 114
114 44
44 101
101 70
70 13
13 101
101 76
76 24
24 0
0 61
61 67
67 24
24 76
76 127
127 39
39 95
95 44
44 101
101 13
13 114
114 13
13 95
95 44
44 13
13 101
101 108
108 81
81 5
5 33
33 101
101 5
5 81
81 33
33 61
61 81
81 50
50 114
114 44
44 39
39 55
55 114
114 13
13 44
44 27
27 81
81 91
91 27
27 81
81 5
5 27
27 81
81 114
114 101
101 13
13 44
