45 80
80 31
31 181
181 170
170 89
89 174
174 84
84 142
142 129
129 133
133 35
35 84
84 198
198 133
133 188
188 61
61 170
170 188
188 57
57 170
170 133
133 31
31 142
142 35
35 108
108 133
133 3
3 170
170 31
31 142
142 191
191 198
198 219
219 191
191 198
198 84
84 133
133 198
198 133
133 19
19 84
84 174
174 31
31 142
142 191
191 84
84 35
35 14
14 133
133 3
3 170
170 31
31 131
131 142
142 31
31 178
178 108
108 35
35 38
38 133
133 35
35 19
19 133
133 108
108 35
35 84
84 198
198 105
105 133
133 108
108 198
198 84
84 187
187 87
87 133
133 198
198 87
87 178
178 84
84 198
198 194
194 84
84 198
198 133
133 111
111 35
35 84
84 233
233 35
35 108
108 198
198 133
133 84
84 191
191 198
198 105
105 87
87 133
133 198
