170 174
174 31
31 142
142 80
80 178
178 84
84 31
31 133
133 198
198 105
105 163
163 133
133 198
198 84
84 168
168 84
84 198
198 129
129 31
31 142
142 35
35 181
181 84
84 205
205 133
133 198
198 133
133 168
168 174
174 89
89 90
90 178
178 89
89 191
191 105
105 198
198 84
84 221
221 191
191 84
84 168
168 133
133 198
198 84
84 174
174 187
187 84
84 133
133 198
198 108
108 133
133 198
198 129
129 163
163 198
198 84
84 168
168 31
31 133
133 198
198 205
205 84
84 133
133 198
198 108
108 31
31 170
170 80
80 142
142 31
31 80
80 150
150 35
35 133
133 198
198 105
105 198
198 133
133 188
188 170
170 108
108 178
178 102
102 198
198 133
133 198
198 84
84 174
174 31
31 84
84 198
198 133
133 105
105 108
108 191
191 133
133 35
35 170
170 133
