84 163
163 198
198 133
133 198
198 84
84 133
133 105
105 198
198 133
133 108
108 35
35 170
170 174
174 142
142 31
31 133
133 198
198 84
84 163
163 133
133 105
105 133
133 3
3 129
129 84
84 198
198 133
133 188
188 170
170 3
3 133
133 35
35 84
84 198
198 133
133 198
198 84
84 121
121 133
133 84
84 193
193 133
133 198
198 105
105 163
163 84
84 198
198 133
133 3
3 133
133 35
35 84
84 35
35 133
133 31
31 142
142 31
31 142
142 191
191 31
31 168
168 84
84 198
198 133
133 3
3 133
133 198
198 89
89 191
191 57
57 87
87 105
105 198
198 200
200 133
133 198
198 84
84 198
198 108
108 205
205 133
133 198
198 105
105 84
84 133
133 198
198 84
84 140
140 45
45 140
140 224
224 45
45 140
140 31
31 84
84 174
174 233
233 89
89 191
