191 80
80 142
142 35
35 31
31 168
168 35
35 133
133 198
198 170
170 3
3 84
84 198
198 105
105 198
198 84
84 3
3 84
84 89
89 191
191 105
105 198
198 87
87 133
133 84
84 35
35 108
108 198
198 133
133 84
84 11
11 133
133 84
84 168
168 3
3 133
133 35
35 233
233 84
84 19
19 108
108 3
3 84
84 198
198 133
133 108
108 35
35 133
133 198
198 200
200 105
105 198
198 133
133 129
129 14
14 133
133 84
84 87
87 35
35 133
133 84
84 198
198 105
105 191
191 198
198 108
108 205
205 133
133 198
198 170
170 31
31 131
131 170
170 163
163 84
84 198
198 31
31 133
133 198
198 87
87 133
133 198
198 105
105 178
178 200
200 105
105 133
133 205
205 233
233 84
84 198
198 133
133 168
168 174
174 89
89 142
142 35
35 133
133 198
198 89
