5 61
61 121
121 61
61 81
81 33
33 5
5 121
121 61
61 5
5 33
33 121
121 61
61 5
5 33
33 124
124 61
61 33
33 5
5 50
50 27
27 44
44 101
101 114
114 44
44 27
27 44
44 114
114 55
55 0
0 114
114 55
55 0
0 127
127 76
76 13
13 114
114 44
44 101
101 44
44 13
13 114
114 70
70 44
44 114
114 70
70 95
95 13
13 110
110 70
70 101
101 44
44 72
72 101
101 76
76 13
13 114
114 101
101 70
70 117
117 101
101 44
44 101
101 70
70 44
44 114
114 13
13 72
72 95
95 13
13 101
101 76
76 78
78 13
13 114
114 44
44 57
57 13
13 114
114 44
44 101
101 13
13 114
114 55
55 114
114 101
101 44
44 101
101 114
114 0
0 39
39 31
31 0
0 39
39 76
76 101
101 44
44 70
70 131
131 101
