76 0
0 101
101 55
55 114
114 44
44 72
72 101
101 13
13 101
101 13
13 44
44 114
114 78
78 13
13 101
101 44
44 114
114 70
70 95
95 55
55 114
114 101
101 44
44 114
114 101
101 44
44 27
27 44
44 110
110 13
13 95
95 72
72 44
44 101
101 13
13 44
44 103
103 13
13 44
44 114
114 101
101 13
13 70
70 114
114 44
44 101
101 114
114 95
95 13
13 114
114 44
44 13
13 114
114 101
101 44
44 114
114 13
13 70
70 72
72 114
114 13
13 101
101 114
114 44
44 17
17 102
102 44
44 138
138 17
17 105
105 114
114 105
105 44
44 13
13 110
110 95
95 101
101 114
114 44
44 105
105 58
58 17
17 105
105 13
13 44
44 101
101 44
44 13
13 114
114 70
70 13
13 101
101 114
114 44
44 70
70 101
101 95
95 44
44 114
