205 84
84 108
108 133
133 198
198 207
207 133
133 198
198 133
133 121
121 129
129 31
31 35
35 191
191 105
105 198
198 133
133 3
3 170
170 31
31 61
61 133
133 35
35 84
84 198
198 129
129 31
31 198
198 133
133 84
84 19
19 133
133 3
3 108
108 84
84 89
89 233
233 89
89 191
191 105
105 198
198 133
133 57
57 154
154 133
133 84
84 174
174 168
168 84
84 174
174 221
221 84
84 174
174 3
3 170
170 133
133 108
108 84
84 19
19 87
87 35
35 133
133 198
198 168
168 84
84 133
133 108
108 35
35 178
178 142
142 31
31 142
142 80
80 142
142 40
40 79
79 142
142 133
133 198
198 87
87 108
108 133
133 198
198 84
84 163
163 133
133 198
198 105
105 87
87 198
198 84
84 168
168 133
133 198
198 200
200 105
105 198
198 191
191 31
31 142
