121 76
76 24
24 0
0 127
127 76
76 114
114 101
101 44
44 114
114 101
101 44
44 95
95 13
13 114
114 44
44 55
55 114
114 49
49 55
55 114
114 44
44 13
13 101
101 44
44 70
70 72
72 95
95 114
114 44
44 101
101 76
76 39
39 114
114 44
44 55
55 105
105 70
70 44
44 70
70 13
13 44
44 101
101 114
114 44
44 101
101 13
13 114
114 44
44 101
101 27
27 5
5 81
81 27
27 44
44 114
114 101
101 44
44 114
114 13
13 101
101 44
44 13
13 105
105 17
17 105
105 114
114 44
44 17
17 138
138 114
114 101
101 95
95 13
13 114
114 44
44 13
13 101
101 44
44 70
70 13
13 44
44 114
114 101
101 44
44 72
72 118
118 44
44 117
117 101
101 44
44 95
95 55
55 44
44 101
101 70
70 114
114 44
44 101
101 114
