84 198
198 87
87 108
108 133
133 198
198 105
105 165
165 133
133 84
84 111
111 233
233 84
84 198
198 133
133 205
205 84
84 198
198 133
133 163
163 84
84 133
133 35
35 61
61 170
170 35
35 133
133 198
198 105
105 191
191 105
105 198
198 133
133 198
198 84
84 133
133 207
207 87
87 133
133 198
198 84
84 133
133 198
198 108
108 188
188 133
133 3
3 129
129 3
3 133
133 198
198 105
105 198
198 105
105 133
133 3
3 133
133 198
198 84
84 178
178 84
84 170
170 3
3 133
133 105
105 84
84 133
133 3
3 108
108 105
105 102
102 108
108 35
35 170
170 31
31 170
170 35
35 108
108 191
191 133
133 198
198 105
105 178
178 108
108 35
35 170
170 176
176 84
84 105
105 198
198 133
133 205
205 84
84 198
198 133
133 3
3 129
129 133
133 163
163 170
