198 105
105 198
198 133
133 84
84 61
61 133
133 84
84 174
174 19
19 135
135 87
87 133
133 198
198 133
133 108
108 3
3 133
133 87
87 198
198 133
133 3
3 170
170 31
31 133
133 198
198 89
89 191
191 176
176 170
170 191
191 80
80 142
142 191
191 105
105 233
233 84
84 198
198 133
133 108
108 198
198 105
105 198
198 133
133 84
84 35
35 31
31 142
142 35
35 133
133 198
198 84
84 198
198 133
133 198
198 89
89 191
191 221
221 84
84 176
176 198
198 87
87 186
186 198
198 133
133 87
87 105
105 198
198 133
133 198
198 108
108 112
112 198
198 35
35 191
191 133
133 198
198 108
108 3
3 170
170 133
133 87
87 198
198 133
133 163
163 129
129 198
198 84
84 133
133 108
108 198
198 133
133 3
3 170
170 9
9 3
3 170
170 3
3 84
84 174
