67 5
5 61
61 81
81 109
109 50
50 5
5 33
33 121
121 61
61 5
5 50
50 81
81 50
50 131
131 81
81 101
101 114
114 13
13 44
44 78
78 39
39 55
55 13
13 70
70 13
13 114
114 101
101 76
76 39
39 44
44 0
0 114
114 55
55 57
57 114
114 44
44 101
101 13
13 44
44 101
101 13
13 114
114 101
101 70
70 114
114 101
101 13
13 114
114 101
101 70
70 105
105 17
17 44
44 114
114 101
101 44
44 78
78 13
13 44
44 114
114 101
101 44
44 114
114 95
95 44
44 110
110 70
70 101
101 114
114 44
44 13
13 44
44 114
114 101
101 50
50 33
33 81
81 5
5 81
81 101
101 44
44 57
57 13
13 114
114 55
55 105
105 70
70 13
13 114
114 44
44 101
101 114
114 44
44 13
13 114
114 70
70 101
101 114
114 70
