89 191
191 105
105 35
35 133
133 198
198 84
84 163
163 133
133 198
198 84
84 121
121 133
133 205
205 207
207 84
84 198
198 84
84 198
198 208
208 84
84 198
198 105
105 108
108 115
115 105
105 133
133 205
205 207
207 133
133 198
198 84
84 3
3 133
133 198
198 105
105 45
45 198
198 105
105 133
133 125
125 87
87 133
133 84
84 233
233 35
35 133
133 198
198 108
108 31
31 170
170 35
35 31
31 142
142 80
80 178
178 142
142 35
35 84
84 133
133 3
3 170
170 35
35 133
133 198
198 84
84 168
168 133
133 198
198 84
84 187
187 198
198 84
84 186
186 198
198 133
133 3
3 105
105 198
198 133
133 3
3 84
84 168
168 84
84 174
174 188
188 170
170 188
188 57
57 105
105 80
80 142
142 31
31 108
108 133
133 163
163 129
129 198
198 133
133 198
