188 57
57 188
188 84
84 170
170 133
133 198
198 84
84 187
187 84
84 133
133 198
198 89
89 187
187 84
84 133
133 198
198 105
105 133
133 108
108 198
198 105
105 178
178 108
108 198
198 133
133 31
31 35
35 133
133 198
198 84
84 186
186 84
84 3
3 108
108 31
31 84
84 198
198 105
105 133
133 198
198 170
170 3
3 133
133 198
198 87
87 133
133 200
200 84
84 133
133 198
198 129
129 3
3 133
133 198
198 84
84 121
121 133
133 205
205 84
84 133
133 198
198 105
105 198
198 87
87 198
198 133
133 3
3 84
84 198
198 133
133 108
108 198
198 133
133 3
3 170
170 35
35 84
84 198
198 108
108 133
133 198
198 87
87 198
198 133
133 3
3 105
105 89
89 178
178 105
105 35
35 191
191 57
57 170
170 154
154 133
133 35
35 19
19 198
198 84
