69 154
154 69
69 154
154 69
69 154
154 69
69 35
35 178
178 84
84 198
198 133
133 3
3 108
108 35
35 84
84 133
133 198
198 105
105 198
198 133
133 3
3 129
129 198
198 133
133 163
163 84
84 170
170 35
35 84
84 133
133 35
35 84
84 198
198 129
129 31
31 133
133 61
61 31
31 84
84 198
198 133
133 105
105 198
198 133
133 205
205 170
170 133
133 198
198 87
87 133
133 198
198 84
84 87
87 19
19 133
133 35
35 84
84 198
198 87
87 133
133 84
84 174
174 187
187 84
84 174
174 84
84 198
198 105
105 133
133 198
198 84
84 198
198 129
129 3
3 133
133 198
198 84
84 174
174 233
233 84
84 198
198 108
108 198
198 133
133 121
121 198
198 133
133 3
3 84
84 198
198 133
133 188
188 61
61 170
170 35
35 3
3 84
84 198
198 133
