198 84
84 221
221 105
105 191
191 108
108 84
84 198
198 108
108 3
3 5
5 133
133 3
3 164
164 133
133 111
111 133
133 198
198 84
84 133
133 198
198 84
84 198
198 87
87 133
133 187
187 84
84 133
133 198
198 108
108 237
237 198
198 108
108 133
133 198
198 133
133 87
87 35
35 14
14 133
133 35
35 111
111 25
25 35
35 133
133 84
84 176
176 61
61 84
84 176
176 61
61 170
170 31
31 80
80 142
142 31
31 142
142 191
191 108
108 84
84 133
133 198
198 31
31 129
129 133
133 35
35 61
61 84
84 133
133 207
207 170
170 133
133 105
105 110
110 133
133 108
108 35
35 133
133 198
198 84
84 176
176 87
87 170
170 133
133 205
205 84
84 198
198 105
105 165
165 198
198 84
84 198
198 133
133 198
198 105
105 121
121 133
133 205
205 170
170 133
