69 154
154 102
102 99
99 188
188 198
198 133
133 108
108 84
84 87
87 133
133 207
207 105
105 133
133 205
205 84
84 198
198 129
129 3
3 133
133 168
168 84
84 198
198 133
133 194
194 84
84 133
133 198
198 200
200 105
105 35
35 133
133 198
198 22
22 105
105 198
198 84
84 133
133 198
198 200
200 84
84 198
198 133
133 84
84 35
35 233
233 84
84 133
133 198
198 87
87 133
133 84
84 198
198 108
108 178
178 84
84 35
35 133
133 84
84 89
89 174
174 84
84 198
198 133
133 105
105 142
142 3
3 129
129 198
198 84
84 186
186 198
198 133
133 108
108 111
111 198
198 84
84 176
176 133
133 87
87 105
105 115
115 108
108 133
133 198
198 87
87 57
57 105
105 133
133 163
163 170
170 133
133 31
31 193
193 84
84 31
31 133
133 84
84 35
35 31
