105 17
17 13
13 44
44 114
114 44
44 101
101 114
114 13
13 101
101 13
13 114
114 44
44 27
27 13
13 114
114 70
70 101
101 13
13 114
114 55
55 114
114 101
101 44
44 55
55 114
114 13
13 95
95 70
70 13
13 44
44 114
114 95
95 13
13 114
114 101
101 117
117 70
70 44
44 70
70 13
13 114
114 101
101 70
70 44
44 101
101 114
114 39
39 55
55 127
127 76
76 127
127 55
55 114
114 101
101 27
27 81
81 5
5 44
44 101
101 13
13 44
44 55
55 96
96 70
70 101
101 13
13 114
114 44
44 117
117 70
70 114
114 55
55 13
13 114
114 44
44 101
101 44
44 72
72 95
95 101
101 114
114 13
13 101
101 44
44 52
52 101
101 44
44 101
101 70
70 55
55 114
114 44
44 101
101 114
114 70
70 101
101 114
114 44
44 13
