35 108
108 233
233 35
35 108
108 191
191 31
31 225
225 191
191 142
142 170
170 191
191 188
188 84
84 198
198 108
108 133
133 198
198 84
84 111
111 198
198 108
108 178
178 102
102 80
80 178
178 142
142 31
31 174
174 84
84 31
31 45
45 168
168 191
191 45
45 170
170 35
35 133
133 84
84 133
133 198
198 105
105 135
135 200
200 133
133 108
108 198
198 133
133 108
108 84
84 133
133 198
198 205
205 133
133 205
205 198
198 84
84 19
19 233
233 35
35 111
111 25
25 35
35 133
133 168
168 174
174 168
168 84
84 198
198 105
105 178
178 84
84 35
35 233
233 191
191 31
31 142
142 35
35 31
31 36
36 35
35 31
31 170
170 133
133 3
3 170
170 133
133 163
163 110
110 133
133 105
105 89
89 191
191 221
221 105
105 191
191 84
84 87
87 35
35 133
