44 101
101 70
70 114
114 13
13 114
114 13
13 76
76 44
44 70
70 44
44 101
101 76
76 13
13 101
101 55
55 105
105 17
17 138
138 114
114 44
44 13
13 101
101 114
114 44
44 114
114 44
44 101
101 44
44 117
117 44
44 95
95 13
13 44
44 95
95 72
72 114
114 13
13 44
44 101
101 114
114 101
101 44
44 13
13 76
76 24
24 76
76 127
127 0
0 76
76 101
101 44
44 114
114 101
101 44
44 27
27 13
13 114
114 101
101 13
13 114
114 138
138 44
44 101
101 0
0 39
39 55
55 114
114 44
44 13
13 101
101 44
44 13
13 101
101 44
44 114
114 13
13 101
101 114
114 13
13 101
101 95
95 13
13 101
101 44
44 117
117 101
101 95
95 13
13 114
114 17
17 105
105 44
44 114
114 95
95 13
13 114
114 76
76 13
13 44
