3 133
133 198
198 89
89 45
45 170
170 89
89 174
174 233
233 84
84 198
198 133
133 108
108 178
178 89
89 191
191 57
57 170
170 188
188 57
57 89
89 191
191 35
35 108
108 233
233 89
89 191
191 105
105 89
89 3
3 84
84 198
198 105
105 87
87 198
198 133
133 205
205 84
84 198
198 108
108 84
84 198
198 201
201 84
84 198
198 133
133 168
168 84
84 35
35 108
108 198
198 133
133 105
105 142
142 133
133 84
84 108
108 35
35 45
45 142
142 225
225 52
52 170
170 31
31 142
142 35
35 111
111 133
133 35
35 233
233 84
84 174
174 198
198 84
84 133
133 35
35 154
154 69
69 35
35 102
102 198
198 89
89 191
191 105
105 198
198 108
108 237
237 45
45 108
108 31
31 174
174 198
198 105
105 198
198 133
133 84
84 198
198 133
133 3
3 108
