101 114
114 44
44 117
117 70
70 13
13 72
72 101
101 76
76 0
0 39
39 76
76 44
44 101
101 44
44 13
13 70
70 114
114 13
13 101
101 44
44 13
13 101
101 44
44 114
114 55
55 0
0 39
39 55
55 57
57 44
44 114
114 13
13 76
76 44
44 101
101 76
76 24
24 76
76 44
44 70
70 101
101 44
44 13
13 114
114 44
44 101
101 44
44 70
70 101
101 44
44 114
114 13
13 101
101 114
114 13
13 101
101 13
13 114
114 70
70 101
101 114
114 44
44 114
114 13
13 101
101 44
44 70
70 101
101 95
95 44
44 114
114 101
101 114
114 57
57 13
13 101
101 27
27 101
101 44
44 95
95 13
13 114
114 101
101 13
13 95
95 70
70 101
101 114
114 13
13 95
95 101
101 114
114 55
55 0
0 67
67 24
24 76
76 0
0 24
