80 142
142 31
31 142
142 129
129 84
84 163
163 133
133 198
198 163
163 133
133 198
198 84
84 174
174 15
15 84
84 31
31 35
35 108
108 233
233 89
89 174
174 221
221 84
84 233
233 191
191 133
133 105
105 198
198 133
133 84
84 174
174 221
221 84
84 176
176 61
61 84
84 133
133 35
35 233
233 84
84 133
133 35
35 133
133 198
198 233
233 84
84 31
31 168
168 170
170 35
35 133
133 170
170 12
12 133
133 170
170 176
176 87
87 84
84 133
133 198
198 87
87 140
140 123
123 87
87 133
133 198
198 84
84 45
45 168
168 84
84 198
198 133
133 3
3 170
170 35
35 133
133 198
198 84
84 205
205 233
233 84
84 198
198 105
105 213
213 198
198 105
105 198
198 163
163 133
133 198
198 87
87 176
176 84
84 87
87 186
186 84
84 133
133 35
35 89
