101 114
114 44
44 114
114 44
44 101
101 114
114 44
44 114
114 44
44 76
76 121
121 39
39 114
114 101
101 44
44 114
114 101
101 44
44 27
27 114
114 101
101 13
13 95
95 72
72 44
44 101
101 13
13 114
114 101
101 50
50 27
27 44
44 114
114 101
101 55
55 114
114 101
101 55
55 44
44 114
114 101
101 44
44 13
13 105
105 74
74 55
55 114
114 105
105 44
44 114
114 101
101 44
44 101
101 114
114 13
13 44
44 101
101 70
70 44
44 117
117 101
101 44
44 13
13 114
114 44
44 101
101 114
114 44
44 13
13 57
57 101
101 114
114 44
44 17
17 105
105 114
114 13
13 101
101 114
114 44
44 101
101 52
52 101
101 44
44 70
70 27
27 44
44 108
108 101
101 13
13 70
70 101
101 117
117 44
44 114
114 101
101 27
27 5
5 50
