114 44
44 70
70 0
0 55
55 44
44 114
114 70
70 114
114 13
13 44
44 101
101 108
108 44
44 101
101 13
13 39
39 95
95 44
44 114
114 13
13 114
114 70
70 101
101 55
55 44
44 114
114 55
55 0
0 76
76 24
24 76
76 121
121 39
39 0
0 76
76 101
101 70
70 95
95 13
13 101
101 44
44 27
27 101
101 70
70 44
44 55
55 114
114 44
44 70
70 114
114 101
101 13
13 114
114 101
101 44
44 55
55 0
0 39
39 76
76 13
13 44
44 114
114 101
101 27
27 44
44 101
101 114
114 0
0 81
81 101
101 27
27 44
44 13
13 116
116 114
114 13
13 101
101 44
44 114
114 44
44 101
101 114
114 44
44 101
101 44
44 114
114 13
13 44
44 70
70 13
13 114
114 44
44 101
101 114
114 105
105 57
57 114
114 13
13 101
