178 133
133 198
198 191
191 108
108 35
35 14
14 133
133 3
3 129
129 198
198 84
84 133
133 198
198 133
133 105
105 198
198 133
133 3
3 133
133 198
198 108
108 19
19 198
198 133
133 108
108 133
133 35
35 31
31 34
34 35
35 170
170 31
31 142
142 31
31 142
142 35
35 133
133 198
198 105
105 87
87 198
198 84
84 174
174 108
108 205
205 84
84 198
198 133
133 163
163 170
170 133
133 198
198 87
87 198
198 105
105 133
133 198
198 35
35 108
108 198
198 163
163 133
133 198
198 105
105 178
178 87
87 142
142 178
178 105
105 57
57 165
165 105
105 84
84 187
187 105
105 3
3 133
133 198
198 84
84 133
133 198
198 133
133 163
163 170
170 133
133 84
84 198
198 133
133 108
108 84
84 198
198 133
133 198
198 105
105 133
133 19
19 105
105 133
133 198
