13 78
78 44
44 101
101 70
70 13
13 114
114 44
44 101
101 13
13 114
114 101
101 27
27 5
5 37
37 27
27 5
5 81
81 114
114 44
44 13
13 114
114 47
47 101
101 44
44 101
101 27
27 50
50 131
131 108
108 50
50 5
5 33
33 121
121 61
61 81
81 5
5 81
81 109
109 64
64 5
5 81
81 27
27 101
101 13
13 114
114 101
101 27
27 44
44 13
13 101
101 13
13 55
55 114
114 101
101 108
108 44
44 101
101 13
13 114
114 117
117 44
44 101
101 13
13 116
116 114
114 13
13 44
44 57
57 101
101 13
13 76
76 101
101 55
55 44
44 114
114 13
13 101
101 44
44 39
39 0
0 76
76 67
67 24
24 76
76 67
67 26
26 76
76 127
127 114
114 13
13 101
101 117
117 44
44 114
114 101
101 114
114 44
44 27
27 101
