39 55
55 44
44 101
101 13
13 114
114 13
13 44
44 101
101 27
27 81
81 5
5 50
50 27
27 44
44 114
114 10
10 45
45 44
44 114
114 13
13 44
44 9
9 13
13 44
44 114
114 101
101 114
114 44
44 117
117 13
13 114
114 101
101 70
70 95
95 13
13 101
101 27
27 13
13 114
114 101
101 44
44 70
70 101
101 114
114 44
44 95
95 114
114 101
101 95
95 55
55 13
13 70
70 44
44 13
13 44
44 101
101 114
114 44
44 101
101 114
114 101
101 13
13 70
70 0
0 55
55 44
44 13
13 101
101 114
114 44
44 101
101 52
52 44
44 101
101 76
76 13
13 114
114 101
101 13
13 114
114 101
101 13
13 116
116 114
114 13
13 57
57 114
114 13
13 101
101 44
44 114
114 101
101 13
13 76
76 0
0 24
24 76
76 44
44 52
