133 198
198 105
105 108
108 198
198 170
170 3
3 133
133 198
198 84
84 198
198 178
178 105
105 198
198 84
84 133
133 35
35 84
84 133
133 84
84 198
198 133
133 198
198 89
89 176
176 170
170 31
31 35
35 133
133 198
198 87
87 133
133 198
198 87
87 133
133 198
198 89
89 213
213 198
198 89
89 188
188 57
57 105
105 84
84 198
198 133
133 205
205 84
84 198
198 105
105 121
121 133
133 198
198 84
84 133
133 198
198 87
87 133
133 84
84 14
14 129
129 3
3 84
84 35
35 133
133 111
111 142
142 35
35 108
108 133
133 198
198 108
108 3
3 170
170 35
35 108
108 198
198 133
133 108
108 35
35 170
170 133
133 31
31 142
142 80
80 178
178 84
84 170
170 31
31 198
198 129
129 3
3 84
84 133
133 198
198 89
89 191
191 105
105 191
191 186
