105 57
57 87
87 176
176 84
84 87
87 181
181 84
84 89
89 233
233 35
35 108
108 133
133 198
198 84
84 198
198 133
133 194
194 84
84 198
198 133
133 84
84 35
35 233
233 84
84 198
198 133
133 163
163 170
170 133
133 198
198 133
133 31
31 142
142 35
35 143
143 36
36 35
35 143
143 191
191 35
35 225
225 191
191 176
176 87
87 84
84 174
174 35
35 31
31 133
133 198
198 133
133 3
3 108
108 133
133 198
198 133
133 84
84 198
198 133
133 84
84 142
142 35
35 133
133 198
198 84
84 129
129 3
3 133
133 198
198 133
133 168
168 84
84 89
89 191
191 221
221 105
105 84
84 198
198 105
105 133
133 116
116 233
233 133
133 142
142 3
3 108
108 84
84 198
198 133
133 3
3 170
170 35
35 133
133 168
168 84
84 174
174 108
108 129
129 163
