133 35
35 133
133 205
205 84
84 198
198 133
133 84
84 111
111 35
35 133
133 84
84 89
89 168
168 174
174 84
84 198
198 108
108 84
84 35
35 45
45 170
170 31
31 35
35 84
84 198
198 133
133 198
198 129
129 31
31 108
108 133
133 35
35 84
84 176
176 87
87 105
105 133
133 186
186 105
105 3
3 108
108 133
133 198
198 170
170 163
163 84
84 198
198 133
133 3
3 133
133 84
84 233
233 133
133 35
35 31
31 142
142 80
80 142
142 3
3 133
133 198
198 84
84 163
163 133
133 111
111 35
35 133
133 108
108 31
31 35
35 84
84 61
61 35
35 31
31 142
142 35
35 133
133 84
84 181
181 208
208 84
84 198
198 87
87 84
84 198
198 133
133 3
3 170
170 31
31 133
133 198
198 84
84 163
163 198
198 133
133 3
3 5
5 133
133 84
