44 54
54 44
44 27
27 101
101 44
44 13
13 114
114 55
55 127
127 76
76 13
13 114
114 76
76 101
101 44
44 27
27 101
101 44
44 70
70 13
13 114
114 44
44 101
101 13
13 44
44 114
114 0
0 55
55 127
127 76
76 13
13 114
114 70
70 13
13 101
101 76
76 44
44 101
101 44
44 101
101 114
114 44
44 101
101 114
114 13
13 114
114 44
44 13
13 101
101 114
114 72
72 44
44 70
70 114
114 13
13 44
44 114
114 55
55 39
39 0
0 123
123 39
39 55
55 114
114 39
39 55
55 114
114 13
13 44
44 114
114 13
13 44
44 114
114 13
13 76
76 55
55 0
0 44
44 114
114 105
105 44
44 114
114 44
44 101
101 114
114 70
70 114
114 44
44 138
138 17
17 44
44 13
13 44
44 101
101 114
114 13
13 101
101 114
114 55
