44 70
70 101
101 13
13 44
44 117
117 78
78 13
13 101
101 44
44 114
114 55
55 0
0 127
127 55
55 39
39 114
114 101
101 44
44 13
13 95
95 114
114 13
13 55
55 0
0 70
70 101
101 27
27 81
81 50
50 131
131 101
101 44
44 114
114 70
70 13
13 105
105 17
17 114
114 13
13 70
70 114
114 55
55 76
76 127
127 76
76 13
13 114
114 70
70 101
101 44
44 114
114 13
13 108
108 44
44 13
13 101
101 114
114 13
13 101
101 44
44 114
114 101
101 95
95 101
101 44
44 27
27 101
101 44
44 13
13 114
114 101
101 70
70 44
44 114
114 13
13 70
70 44
44 101
101 13
13 44
44 114
114 13
13 101
101 27
27 44
44 0
0 24
24 0
0 76
76 67
67 24
24 0
0 127
127 39
39 114
114 57
57 17
17 114
114 101
