105 114
114 44
44 101
101 114
114 95
95 13
13 101
101 72
72 76
76 13
13 70
70 114
114 13
13 101
101 117
117 44
44 13
13 114
114 101
101 13
13 114
114 44
44 55
55 78
78 13
13 44
44 101
101 44
44 114
114 44
44 55
55 114
114 101
101 13
13 44
44 101
101 81
81 27
27 44
44 13
13 116
116 13
13 114
114 44
44 117
117 72
72 114
114 13
13 55
55 44
44 114
114 55
55 76
76 121
121 55
55 39
39 114
114 44
44 13
13 72
72 117
117 44
44 114
114 105
105 70
70 44
44 101
101 114
114 95
95 101
101 44
44 114
114 13
13 76
76 72
72 101
101 44
44 72
72 76
76 13
13 114
114 55
55 0
0 76
76 114
114 13
13 95
95 44
44 39
39 55
55 44
44 101
101 114
114 95
95 44
44 70
70 114
114 44
44 101
