114 27
27 44
44 114
114 101
101 13
13 44
44 117
117 101
101 13
13 114
114 44
44 13
13 101
101 76
76 13
13 44
44 101
101 114
114 55
55 101
101 44
44 114
114 101
101 70
70 114
114 13
13 114
114 101
101 44
44 114
114 17
17 44
44 101
101 114
114 44
44 101
101 13
13 114
114 101
101 13
13 95
95 110
110 44
44 101
101 44
44 30
30 101
101 44
44 76
76 101
101 13
13 114
114 44
44 13
13 55
55 114
114 101
101 13
13 44
44 101
101 70
70 44
44 114
114 13
13 114
114 44
44 13
13 101
101 44
44 95
95 72
72 70
70 101
101 27
27 44
44 114
114 101
101 70
70 44
44 114
114 101
101 70
70 44
44 13
13 101
101 44
44 27
27 81
81 33
33 5
5 33
33 81
81 50
50 27
27 131
131 108
108 44
44 101
101 13
