101 44
44 70
70 13
13 114
114 101
101 70
70 44
44 13
13 114
114 44
44 27
27 81
81 5
5 101
101 27
27 50
50 131
131 27
27 44
44 13
13 101
101 44
44 114
114 101
101 114
114 39
39 78
78 0
0 114
114 44
44 101
101 27
27 44
44 101
101 114
114 13
13 78
78 44
44 114
114 55
55 0
0 76
76 24
24 67
67 24
24 76
76 0
0 55
55 114
114 39
39 55
55 0
0 101
101 44
44 50
50 5
5 114
114 13
13 44
44 114
114 13
13 44
44 101
101 114
114 44
44 72
72 70
70 101
101 57
57 114
114 13
13 44
44 108
108 101
101 70
70 44
44 101
101 114
114 13
13 114
114 44
44 55
55 0
0 70
70 44
44 13
13 70
70 114
114 44
44 101
101 76
76 24
24 0
0 127
127 76
76 55
55 44
44 70
70 101
