35 137
137 198
198 108
108 84
84 163
163 133
133 84
84 89
89 57
57 170
170 178
178 84
84 87
87 35
35 84
84 133
133 198
198 84
84 133
133 205
205 84
84 198
198 133
133 31
31 35
35 108
108 133
133 3
3 170
170 31
31 3
3 108
108 198
198 232
232 198
198 84
84 187
187 87
87 35
35 191
191 57
57 35
35 133
133 205
205 170
170 133
133 3
3 133
133 35
35 108
108 237
237 45
45 108
108 35
35 133
133 198
198 133
133 198
198 178
178 221
221 198
198 233
233 84
84 205
205 207
207 133
133 198
198 108
108 198
198 133
133 198
198 105
105 45
45 142
142 35
35 133
133 205
205 121
121 133
133 84
84 198
198 233
233 133
133 35
35 31
31 36
36 35
35 143
143 31
31 198
198 84
84 3
3 133
133 198
198 84
84 168
168 3
3 133
133 198
