108 178
178 102
102 37
37 178
178 87
87 84
84 198
198 105
105 84
84 198
198 133
133 3
3 84
84 35
35 187
187 84
84 133
133 198
198 84
84 45
45 168
168 84
84 35
35 112
112 233
233 35
35 133
133 198
198 105
105 110
110 133
133 108
108 198
198 108
108 84
84 5
5 3
3 170
170 31
31 168
168 84
84 35
35 133
133 198
198 229
229 198
198 133
133 3
3 133
133 198
198 87
87 133
133 198
198 170
170 133
133 170
170 3
3 84
84 140
140 45
45 84
84 174
174 133
133 198
198 174
174 186
186 84
84 133
133 108
108 198
198 133
133 84
84 174
174 108
108 170
170 3
3 84
84 168
168 31
31 84
84 198
198 133
133 3
3 84
84 35
35 133
133 198
198 108
108 84
84 174
174 84
84 198
198 133
133 87
87 198
198 106
106 87
87 198
198 133
