150 35
35 80
80 142
142 31
31 142
142 35
35 133
133 198
198 133
133 3
3 170
170 35
35 191
191 105
105 198
198 84
84 198
198 87
87 198
198 84
84 3
3 133
133 198
198 84
84 168
168 174
174 89
89 90
90 174
174 89
89 174
174 84
84 31
31 35
35 170
170 133
133 3
3 129
129 31
31 84
84 198
198 133
133 84
84 198
198 105
105 135
135 207
207 105
105 198
198 133
133 205
205 170
170 133
133 198
198 84
84 205
205 133
133 198
198 84
84 186
186 198
198 133
133 3
3 170
170 191
191 87
87 170
170 176
176 61
61 31
31 35
35 143
143 31
31 80
80 142
142 31
31 84
84 198
198 133
133 198
198 105
105 84
84 198
198 133
133 84
84 133
133 3
3 170
170 5
5 3
3 133
133 198
198 87
87 198
198 133
133 205
205 84
84 198
198 133
