101 114
114 13
13 70
70 114
114 44
44 114
114 13
13 101
101 44
44 55
55 96
96 70
70 101
101 44
44 70
70 101
101 114
114 44
44 114
114 70
70 44
44 114
114 101
101 13
13 114
114 44
44 70
70 101
101 44
44 13
13 44
44 101
101 44
44 27
27 101
101 44
44 0
0 55
55 101
101 13
13 44
44 101
101 13
13 114
114 101
101 114
114 13
13 95
95 13
13 101
101 76
76 0
0 55
55 44
44 101
101 95
95 13
13 44
44 114
114 70
70 101
101 44
44 114
114 101
101 44
44 70
70 101
101 44
44 114
114 70
70 44
44 101
101 81
81 27
27 44
44 70
70 13
13 114
114 101
101 13
13 44
44 101
101 114
114 44
44 17
17 138
138 44
44 114
114 57
57 13
13 95
95 13
13 44
44 110
110 103
103 44
44 110
110 44
44 101
