101 114
114 78
78 44
44 114
114 13
13 44
44 70
70 27
27 72
72 44
44 101
101 114
114 13
13 114
114 70
70 13
13 101
101 52
52 13
13 44
44 55
55 0
0 76
76 24
24 0
0 76
76 44
44 70
70 114
114 13
13 101
101 114
114 44
44 13
13 114
114 105
105 17
17 44
44 57
57 114
114 101
101 96
96 13
13 101
101 55
55 114
114 44
44 0
0 39
39 114
114 13
13 101
101 70
70 13
13 101
101 44
44 114
114 13
13 70
70 105
105 17
17 44
44 114
114 101
101 44
44 52
52 101
101 44
44 114
114 101
101 44
44 13
13 114
114 101
101 13
13 114
114 44
44 78
78 0
0 13
13 44
44 114
114 70
70 44
44 27
27 81
81 5
5 50
50 131
131 44
44 70
70 101
101 44
44 81
81 27
27 44
44 81
81 27
27 44
