121 61
61 24
24 44
44 27
27 131
131 81
81 27
27 114
114 44
44 13
13 114
114 44
44 70
70 114
114 101
101 13
13 101
101 47
47 0
0 70
70 101
101 114
114 101
101 44
44 13
13 114
114 44
44 13
13 44
44 101
101 57
57 114
114 44
44 117
117 72
72 44
44 114
114 101
101 114
114 44
44 55
55 114
114 101
101 44
44 13
13 114
114 44
44 70
70 95
95 101
101 44
44 114
114 13
13 101
101 44
44 13
13 70
70 44
44 55
55 114
114 101
101 27
27 50
50 5
5 81
81 33
33 61
61 5
5 81
81 27
27 101
101 13
13 114
114 44
44 101
101 27
27 47
47 101
101 13
13 101
101 44
44 114
114 44
44 27
27 5
5 81
81 27
27 5
5 33
33 81
81 5
5 61
61 5
5 50
50 27
27 5
5 27
27 44
44 114
