105 233
233 84
84 35
35 133
133 35
35 170
170 31
31 80
80 150
150 31
31 142
142 31
31 108
108 133
133 163
163 170
170 133
133 111
111 200
200 105
105 198
198 207
207 105
105 198
198 133
133 188
188 170
170 102
102 108
108 198
198 133
133 163
163 170
170 133
133 198
198 105
105 84
84 198
198 84
84 3
3 133
133 84
84 121
121 133
133 84
84 198
198 133
133 3
3 133
133 198
198 87
87 105
105 191
191 198
198 108
108 178
178 105
105 35
35 108
108 133
133 163
163 84
84 198
198 133
133 163
163 129
129 84
84 198
198 87
87 133
133 198
198 105
105 133
133 198
198 200
200 84
84 198
198 133
133 121
121 198
198 84
84 198
198 105
105 133
133 108
108 133
133 198
198 84
84 133
133 198
198 170
170 188
188 57
57 170
170 133
133 108
108 170
170 3
3 108
