131 51
51 131
131 81
81 101
101 44
44 13
13 70
70 101
101 44
44 55
55 101
101 44
44 70
70 27
27 44
44 114
114 13
13 44
44 114
114 101
101 44
44 39
39 0
0 24
24 76
76 0
0 67
67 24
24 0
0 76
76 44
44 114
114 13
13 101
101 44
44 52
52 70
70 44
44 114
114 101
101 13
13 76
76 0
0 39
39 55
55 44
44 101
101 27
27 50
50 114
114 44
44 101
101 114
114 44
44 95
95 101
101 44
44 114
114 39
39 55
55 114
114 44
44 13
13 114
114 44
44 101
101 81
81 27
27 50
50 5
5 81
81 101
101 55
55 13
13 76
76 0
0 24
24 67
67 0
0 24
24 76
76 24
24 0
0 61
61 5
5 81
81 44
44 114
114 105
105 138
138 17
17 105
105 44
44 114
114 55
55 0
0 39
39 76
76 13
