70 44
44 114
114 44
44 13
13 101
101 0
0 76
76 101
101 44
44 101
101 114
114 44
44 70
70 105
105 13
13 70
70 13
13 105
105 57
57 114
114 17
17 13
13 101
101 13
13 44
44 114
114 44
44 117
117 114
114 101
101 44
44 101
101 13
13 44
44 101
101 13
13 95
95 114
114 70
70 44
44 114
114 101
101 44
44 70
70 13
13 44
44 101
101 13
13 76
76 13
13 70
70 44
44 101
101 114
114 13
13 105
105 114
114 55
55 44
44 70
70 101
101 44
44 114
114 0
0 70
70 101
101 44
44 27
27 44
44 114
114 101
101 95
95 44
44 114
114 101
101 44
44 13
13 101
101 44
44 70
70 101
101 114
114 0
0 76
76 73
73 0
0 39
39 78
78 13
13 44
44 114
114 27
27 44
44 101
101 27
27 44
44 114
114 70
70 44
