0 67
67 24
24 0
0 127
127 76
76 0
0 24
24 76
76 127
127 0
0 76
76 39
39 76
76 44
44 13
13 101
101 114
114 13
13 44
44 70
70 27
27 81
81 33
33 5
5 81
81 50
50 27
27 101
101 0
0 24
24 67
67 76
76 39
39 114
114 13
13 95
95 101
101 70
70 13
13 44
44 70
70 101
101 44
44 114
114 101
101 13
13 117
117 101
101 44
44 27
27 44
44 70
70 101
101 27
27 50
50 5
5 27
27 44
44 108
108 101
101 44
44 114
114 101
101 27
27 44
44 70
70 13
13 95
95 70
70 44
44 13
13 44
44 103
103 114
114 44
44 114
114 81
81 50
50 27
27 101
101 44
44 13
13 78
78 44
44 101
101 27
27 13
13 101
101 44
44 27
27 70
70 13
13 114
114 44
44 101
101 114
114 101
101 13
13 114
