0 24
24 76
76 24
24 0
0 44
44 131
131 27
27 70
70 114
114 13
13 95
95 110
110 44
44 101
101 13
13 114
114 55
55 44
44 117
117 13
13 114
114 55
55 0
0 76
76 55
55 44
44 101
101 27
27 114
114 44
44 101
101 13
13 44
44 101
101 44
44 114
114 13
13 101
101 44
44 117
117 116
116 13
13 114
114 101
101 44
44 13
13 95
95 72
72 101
101 95
95 13
13 101
101 114
114 13
13 70
70 101
101 44
44 114
114 95
95 44
44 114
114 70
70 44
44 114
114 101
101 44
44 72
72 101
101 114
114 44
44 114
114 44
44 13
13 101
101 44
44 13
13 101
101 114
114 44
44 13
13 108
108 101
101 44
44 114
114 13
13 44
44 27
27 131
131 0
0 76
76 78
78 39
39 55
55 114
114 70
70 105
105 114
114 13
13 44
