174 89
89 129
129 198
198 133
133 229
229 198
198 133
133 205
205 207
207 133
133 198
198 84
84 105
105 198
198 178
178 87
87 198
198 84
84 186
186 198
198 84
84 3
3 105
105 35
35 22
22 205
205 198
198 84
84 163
163 133
133 198
198 84
84 133
133 108
108 3
3 133
133 198
198 84
84 3
3 14
14 133
133 3
3 170
170 35
35 133
133 198
198 89
89 188
188 57
57 170
170 133
133 188
188 61
61 133
133 31
31 142
142 35
35 80
80 150
150 35
35 133
133 198
198 105
105 213
213 185
185 105
105 198
198 108
108 105
105 198
198 84
84 108
108 188
188 133
133 198
198 168
168 3
3 133
133 198
198 84
84 174
174 188
188 198
198 133
133 163
163 84
84 133
133 35
35 108
108 133
133 198
198 84
84 176
176 198
198 84
84 198
198 133
133 198
198 133
