95 13
13 44
44 101
101 13
13 114
114 44
44 101
101 81
81 44
44 101
101 114
114 13
13 101
101 13
13 44
44 55
55 95
95 101
101 13
13 55
55 114
114 101
101 55
55 44
44 114
114 44
44 24
24 76
76 121
121 5
5 81
81 27
27 44
44 101
101 44
44 13
13 114
114 55
55 39
39 44
44 114
114 13
13 44
44 114
114 13
13 101
101 70
70 76
76 72
72 70
70 114
114 44
44 114
114 13
13 96
96 49
49 55
55 114
114 17
17 44
44 13
13 70
70 101
101 114
114 44
44 70
70 114
114 44
44 101
101 114
114 13
13 114
114 101
101 44
44 24
24 61
61 121
121 33
33 81
81 5
5 61
61 121
121 33
33 5
5 81
81 5
5 27
27 44
44 114
114 72
72 117
117 13
13 114
114 117
117 44
44 114
114 13
13 55
55 95
