80 142
142 80
80 178
178 84
84 31
31 178
178 142
142 31
31 131
131 142
142 31
31 84
84 35
35 133
133 87
87 105
105 198
198 84
84 186
186 84
84 3
3 133
133 198
198 84
84 168
168 31
31 35
35 133
133 205
205 105
105 198
198 133
133 3
3 170
170 133
133 198
198 84
84 163
163 133
133 87
87 181
181 133
133 205
205 133
133 198
198 87
87 133
133 198
198 84
84 174
174 188
188 170
170 178
178 84
84 198
198 133
133 105
105 176
176 221
221 84
84 233
233 35
35 84
84 133
133 198
198 87
87 133
133 198
198 229
229 133
133 198
198 129
129 3
3 108
108 35
35 133
133 84
84 198
198 87
87 105
105 178
178 57
57 89
89 191
191 57
57 35
35 133
133 198
198 129
129 57
57 230
230 89
89 57
57 35
35 133
133 84
84 200
200 133
133 35
