44 101
101 114
114 13
13 101
101 44
44 55
55 114
114 13
13 101
101 44
44 114
114 101
101 13
13 78
78 13
13 101
101 114
114 13
13 116
116 101
101 13
13 95
95 110
110 13
13 114
114 44
44 70
70 13
13 44
44 101
101 70
70 114
114 101
101 44
44 101
101 114
114 44
44 55
55 13
13 70
70 114
114 44
44 76
76 0
0 24
24 67
67 0
0 127
127 55
55 0
0 101
101 44
44 114
114 39
39 55
55 0
0 95
95 114
114 72
72 13
13 76
76 78
78 0
0 55
55 114
114 95
95 44
44 114
114 101
101 39
39 55
55 127
127 0
0 39
39 78
78 44
44 114
114 13
13 101
101 27
27 81
81 44
44 101
101 114
114 13
13 70
70 44
44 114
114 13
13 44
44 114
114 101
101 27
27 81
81 101
101 44
44 114
114 13
13 114
