131 50
50 27
27 81
81 5
5 108
108 50
50 5
5 44
44 13
13 101
101 114
114 101
101 44
44 72
72 13
13 101
101 114
114 44
44 13
13 114
114 44
44 17
17 13
13 114
114 44
44 70
70 95
95 101
101 13
13 114
114 70
70 95
95 55
55 0
0 67
67 5
5 61
61 121
121 39
39 114
114 44
44 27
27 81
81 5
5 50
50 81
81 27
27 101
101 13
13 44
44 70
70 114
114 13
13 101
101 44
44 114
114 70
70 101
101 44
44 114
114 70
70 13
13 44
44 27
27 81
81 5
5 27
27 101
101 44
44 114
114 13
13 78
78 101
101 44
44 114
114 13
13 55
55 44
44 101
101 76
76 13
13 114
114 44
44 13
13 95
95 114
114 44
44 55
55 114
114 44
44 13
13 55
55 44
44 70
70 114
114 70
70 44
44 70
70 101
