33 121
121 61
61 5
5 81
81 91
91 27
27 81
81 27
27 101
101 114
114 13
13 101
101 114
114 44
44 117
117 101
101 114
114 44
44 13
13 101
101 44
44 27
27 101
101 95
95 13
13 101
101 114
114 13
13 101
101 114
114 44
44 114
114 55
55 101
101 44
44 13
13 101
101 47
47 101
101 13
13 55
55 78
78 13
13 114
114 101
101 44
44 13
13 95
95 101
101 114
114 44
44 24
24 0
0 127
127 55
55 76
76 101
101 44
44 114
114 72
72 95
95 101
101 114
114 27
27 101
101 44
44 114
114 70
70 44
44 114
114 70
70 44
44 114
114 46
46 114
114 13
13 44
44 70
70 114
114 44
44 101
101 13
13 114
114 55
55 95
95 70
70 44
44 13
13 76
76 0
0 55
55 114
114 70
70 101
101 114
114 44
44 45
45 44
44 114
