201 84
84 198
198 133
133 57
57 170
170 188
188 57
57 89
89 191
191 84
84 198
198 133
133 3
3 188
188 57
57 170
170 133
133 35
35 108
108 198
198 84
84 186
186 84
84 133
133 3
3 133
133 84
84 163
163 133
133 198
198 105
105 57
57 198
198 84
84 198
198 133
133 84
84 61
61 31
31 191
191 80
80 142
142 31
31 80
80 150
150 31
31 80
80 150
150 31
31 170
170 108
108 133
133 198
198 89
89 174
174 84
84 198
198 105
105 108
108 237
237 45
45 108
108 237
237 45
45 108
108 35
35 191
191 105
105 35
35 84
84 170
170 176
176 188
188 84
84 105
105 35
35 108
108 31
31 3
3 133
133 129
129 163
163 133
133 198
198 84
84 133
133 198
198 84
84 168
168 198
198 133
133 121
121 198
198 105
105 87
87 133
133 198
198 84
84 133
