44 55
55 114
114 101
101 72
72 95
95 13
13 70
70 13
13 114
114 27
27 81
81 131
131 81
81 27
27 101
101 114
114 55
55 13
13 44
44 52
52 70
70 101
101 44
44 95
95 101
101 44
44 47
47 101
101 44
44 101
101 13
13 114
114 101
101 13
13 95
95 101
101 44
44 114
114 44
44 111
111 114
114 13
13 101
101 114
114 13
13 101
101 114
114 44
44 101
101 95
95 55
55 114
114 101
101 13
13 114
114 44
44 101
101 13
13 76
76 13
13 114
114 55
55 13
13 114
114 101
101 114
114 44
44 101
101 13
13 44
44 76
76 101
101 114
114 44
44 105
105 58
58 44
44 105
105 114
114 17
17 105
105 13
13 70
70 101
101 13
13 70
70 114
114 81
81 101
101 44
44 30
30 101
101 44
44 114
114 55
55 101
101 44
44 13
13 101
