117 44
44 101
101 76
76 24
24 0
0 76
76 24
24 0
0 76
76 101
101 114
114 39
39 55
55 101
101 44
44 27
27 101
101 70
70 114
114 44
44 13
13 114
114 55
55 39
39 123
123 76
76 114
114 70
70 13
13 44
44 70
70 114
114 55
55 44
44 131
131 101
101 108
108 101
101 44
44 13
13 114
114 44
44 55
55 114
114 44
44 114
114 13
13 55
55 95
95 44
44 114
114 101
101 13
13 70
70 95
95 44
44 70
70 101
101 95
95 72
72 13
13 44
44 114
114 101
101 44
44 13
13 101
101 114
114 13
13 101
101 114
114 44
44 101
101 13
13 114
114 101
101 108
108 44
44 105
105 114
114 70
70 13
13 114
114 101
101 76
76 0
0 24
24 76
76 0
0 114
114 101
101 44
44 72
72 44
44 27
27 5
5 81
81 27
27 50
