55 114
114 13
13 101
101 44
44 13
13 55
55 44
44 114
114 13
13 114
114 55
55 81
81 27
27 82
82 101
101 114
114 13
13 95
95 101
101 114
114 44
44 55
55 114
114 101
101 44
44 114
114 13
13 78
78 44
44 13
13 76
76 72
72 44
44 70
70 101
101 44
44 101
101 13
13 55
55 70
70 44
44 13
13 78
78 55
55 13
13 114
114 44
44 101
101 52
52 70
70 44
44 110
110 13
13 44
44 105
105 114
114 44
44 103
103 13
13 44
44 95
95 44
44 13
13 96
96 49
49 55
55 101
101 44
44 114
114 70
70 101
101 13
13 76
76 24
24 67
67 123
123 39
39 114
114 44
44 117
117 101
101 44
44 114
114 13
13 101
101 27
27 131
131 101
101 44
44 5
5 81
81 27
27 131
131 101
101 44
44 13
13 114
114 44
44 101
