27 44
44 114
114 55
55 44
44 101
101 13
13 95
95 101
101 95
95 13
13 114
114 101
101 44
44 114
114 44
44 114
114 105
105 44
44 13
13 101
101 114
114 101
101 13
13 44
44 101
101 76
76 0
0 24
24 27
27 81
81 5
5 50
50 27
27 44
44 13
13 105
105 44
44 70
70 101
101 13
13 114
114 44
44 101
101 114
114 55
55 0
0 127
127 0
0 55
55 114
114 44
44 101
101 70
70 65
65 101
101 70
70 44
44 117
117 70
70 44
44 101
101 114
114 44
44 13
13 114
114 13
13 101
101 44
44 70
70 13
13 44
44 101
101 114
114 95
95 44
44 101
101 114
114 44
44 114
114 70
70 13
13 114
114 44
44 101
101 114
114 44
44 101
101 13
13 95
95 114
114 13
13 44
44 101
101 13
13 114
114 44
44 27
27 81
81 5
