198 133
133 105
105 110
110 198
198 105
105 178
178 57
57 87
87 133
133 198
198 84
84 135
135 198
198 105
105 45
45 142
142 31
31 108
108 198
198 133
133 198
198 105
105 57
57 165
165 105
105 57
57 105
105 87
87 198
198 135
135 174
174 84
84 198
198 200
200 84
84 198
198 133
133 3
3 111
111 198
198 133
133 163
163 84
84 198
198 87
87 105
105 191
191 198
198 87
87 57
57 105
105 84
84 198
198 133
133 111
111 35
35 191
191 133
133 198
198 84
84 205
205 133
133 198
198 105
105 133
133 3
3 108
108 35
35 84
84 198
198 105
105 198
198 133
133 108
108 3
3 133
133 198
198 84
84 205
205 133
133 198
198 87
87 188
188 133
133 198
198 84
84 178
178 198
198 105
105 84
84 133
133 3
3 170
170 31
31 142
142 80
80 142
142 3
3 133
