105 198
198 108
108 112
112 84
84 35
35 133
133 198
198 129
129 84
84 89
89 176
176 84
84 105
105 57
57 165
165 133
133 84
84 198
198 133
133 205
205 84
84 133
133 198
198 84
84 191
191 220
220 31
31 191
191 80
80 142
142 3
3 129
129 3
3 108
108 133
133 19
19 198
198 133
133 3
3 170
170 3
3 84
84 129
129 3
3 133
133 84
84 168
168 3
3 133
133 198
198 105
105 57
57 84
84 133
133 198
198 105
105 87
87 57
57 84
84 133
133 3
3 108
108 35
35 170
170 133
133 205
205 84
84 198
198 129
129 31
31 133
133 35
35 170
170 31
31 35
35 133
133 205
205 84
84 198
198 108
108 178
178 102
102 37
37 178
178 99
99 37
37 178
178 99
99 102
102 135
135 200
200 105
105 198
198 84
84 174
174 187
187 84
84 35
35 84
