40 79
79 142
142 35
35 133
133 198
198 174
174 187
187 198
198 170
170 3
3 52
52 168
168 31
31 35
35 133
133 105
105 233
233 133
133 198
198 129
129 3
3 133
133 170
170 163
163 133
133 198
198 105
105 57
57 198
198 105
105 133
133 198
198 31
31 133
133 170
170 163
163 133
133 105
105 178
178 200
200 105
105 198
198 87
87 133
133 198
198 105
105 57
57 165
165 105
105 191
191 84
84 198
198 133
133 84
84 133
133 61
61 35
35 84
84 205
205 233
233 84
84 35
35 133
133 108
108 205
205 84
84 198
198 133
133 198
198 84
84 133
133 207
207 84
84 187
187 198
198 84
84 3
3 133
133 35
35 108
108 35
35 170
170 31
31 84
84 198
198 133
133 198
198 105
105 133
133 198
198 87
87 198
198 84
84 87
87 198
198 105
105 57
57 84
84 133
