107 0
0 107
107 178
178 0
0 142
142 31
31 84
84 133
133 205
205 170
170 133
133 80
80 142
142 31
31 133
133 35
35 84
84 133
133 198
198 84
84 198
198 133
133 84
84 198
198 133
133 121
121 129
129 31
31 142
142 34
34 31
31 142
142 35
35 133
133 84
84 198
198 133
133 187
187 84
84 174
174 187
187 84
84 133
133 186
186 84
84 3
3 108
108 133
133 35
35 129
129 198
198 133
133 121
121 133
133 84
84 133
133 105
105 89
89 57
57 84
84 89
89 129
129 198
198 133
133 163
163 84
84 140
140 45
45 84
84 105
105 198
198 133
133 163
163 170
170 133
133 205
205 84
84 198
198 133
133 108
108 198
198 84
84 108
108 133
133 198
198 163
163 84
84 133
133 198
198 133
133 87
87 198
198 84
84 152
152 35
35 84
84 168
168 84
84 133
