44 13
13 76
76 55
55 101
101 13
13 114
114 101
101 70
70 44
44 95
95 70
70 13
13 101
101 44
44 114
114 39
39 114
114 13
13 44
44 101
101 114
114 105
105 57
57 114
114 101
101 44
44 78
78 0
0 44
44 114
114 101
101 13
13 114
114 101
101 13
13 101
101 27
27 78
78 0
0 76
76 73
73 0
0 127
127 76
76 13
13 44
44 114
114 13
13 95
95 114
114 0
0 76
76 24
24 67
67 0
0 61
61 5
5 50
50 27
27 101
101 114
114 44
44 55
55 0
0 76
76 44
44 13
13 114
114 44
44 101
101 114
114 44
44 138
138 17
17 44
44 114
114 55
55 39
39 78
78 0
0 76
76 44
44 13
13 44
44 101
101 114
114 44
44 13
13 101
101 44
44 13
13 114
114 17
17 44
44 101
101 114
114 39
39 55
55 114
