114 76
76 13
13 44
44 108
108 44
44 101
101 13
13 44
44 95
95 101
101 114
114 95
95 101
101 13
13 105
105 44
44 70
70 101
101 44
44 95
95 114
114 101
101 13
13 70
70 101
101 114
114 44
44 70
70 114
114 44
44 101
101 114
114 57
57 101
101 44
44 27
27 101
101 13
13 44
44 114
114 13
13 44
44 101
101 70
70 13
13 114
114 101
101 44
44 13
13 70
70 0
0 114
114 44
44 101
101 72
72 95
95 70
70 101
101 114
114 55
55 44
44 105
105 17
17 44
44 114
114 44
44 101
101 114
114 13
13 44
44 95
95 114
114 44
44 112
112 13
13 101
101 44
44 114
114 95
95 72
72 44
44 114
114 101
101 44
44 114
114 121
121 61
61 5
5 50
50 131
131 27
27 44
44 101
101 72
72 117
117 114
114 81
81 5
5 61
