84 163
163 133
133 198
198 3
3 133
133 198
198 84
84 198
198 84
84 168
168 133
133 84
84 198
198 133
133 163
163 170
170 163
163 133
133 84
84 200
200 133
133 35
35 84
84 35
35 133
133 205
205 207
207 133
133 198
198 133
133 111
111 205
205 181
181 84
84 205
205 133
133 198
198 133
133 168
168 34
34 35
35 168
168 133
133 198
198 35
35 31
31 170
170 174
174 3
3 170
170 133
133 84
84 133
133 108
108 198
198 84
84 178
178 57
57 105
105 87
87 198
198 133
133 163
163 84
84 133
133 198
198 170
170 31
31 80
80 142
142 31
31 142
142 80
80 142
142 34
34 31
31 170
170 174
174 84
84 198
198 133
133 3
3 108
108 133
133 198
198 133
133 84
84 198
198 105
105 121
121 133
133 84
84 198
198 31
31 84
84 168
168 133
133 84
84 35
