101 114
114 13
13 70
70 117
117 72
72 101
101 13
13 44
44 114
114 101
101 44
44 114
114 101
101 44
44 61
61 5
5 81
81 131
131 108
108 101
101 81
81 5
5 27
27 44
44 101
101 114
114 44
44 114
114 101
101 114
114 13
13 105
105 114
114 44
44 114
114 101
101 70
70 44
44 114
114 44
44 101
101 27
27 44
44 13
13 76
76 101
101 13
13 95
95 55
55 44
44 27
27 81
81 121
121 61
61 5
5 50
50 5
5 81
81 109
109 64
64 109
109 64
64 5
5 81
81 27
27 50
50 5
5 81
81 33
33 5
5 61
61 33
33 121
121 33
33 5
5 121
121 114
114 0
0 24
24 44
44 70
70 44
44 55
55 0
0 114
114 44
44 101
101 13
13 114
114 101
101 27
27 44
44 114
114 55
55 101
101 114
114 105
105 114
114 70
