108 115
115 105
105 133
133 61
61 31
31 35
35 108
108 198
198 84
84 163
163 84
84 133
133 198
198 133
133 129
129 198
198 108
108 133
133 198
198 87
87 108
108 115
115 105
105 198
198 108
108 3
3 133
133 198
198 31
31 84
84 170
170 3
3 108
108 35
35 31
31 35
35 133
133 31
31 142
142 170
170 174
174 84
84 198
198 31
31 133
133 198
198 105
105 102
102 178
178 105
105 198
198 142
142 3
3 84
84 198
198 84
84 133
133 205
205 84
84 198
198 108
108 19
19 84
84 174
174 187
187 105
105 35
35 84
84 198
198 105
105 191
191 105
105 87
87 84
84 198
198 133
133 108
108 233
233 89
89 191
191 35
35 170
170 31
31 80
80 150
150 31
31 142
142 35
35 108
108 133
133 35
35 84
84 198
198 133
133 87
87 84
84 198
198 133
133 84
