44 114
114 13
13 114
114 55
55 13
13 114
114 44
44 138
138 114
114 101
101 13
13 114
114 101
101 13
13 114
114 101
101 44
44 13
13 114
114 138
138 44
44 76
76 24
24 67
67 0
0 76
76 101
101 44
44 114
114 44
44 117
117 72
72 101
101 44
44 114
114 13
13 95
95 55
55 114
114 44
44 114
114 44
44 95
95 101
101 108
108 50
50 81
81 5
5 33
33 81
81 27
27 101
101 13
13 114
114 101
101 44
44 13
13 101
101 95
95 44
44 114
114 55
55 101
101 114
114 44
44 13
13 72
72 76
76 13
13 44
44 13
13 110
110 44
44 114
114 117
117 44
44 95
95 114
114 44
44 114
114 13
13 101
101 44
44 101
101 114
114 13
13 105
105 114
114 55
55 95
95 55
55 101
101 44
44 114
114 95
95 101
101 44
44 13
13 114
