13 70
70 95
95 55
55 0
0 127
127 55
55 39
39 121
121 76
76 0
0 39
39 44
44 13
13 95
95 101
101 44
44 114
114 95
95 70
70 114
114 13
13 117
117 72
72 101
101 44
44 70
70 72
72 101
101 114
114 13
13 55
55 0
0 101
101 44
44 70
70 114
114 44
44 112
112 44
44 112
112 13
13 44
44 114
114 0
0 101
101 76
76 0
0 39
39 76
76 44
44 70
70 0
0 44
44 27
27 114
114 44
44 13
13 114
114 44
44 101
101 70
70 44
44 13
13 55
55 114
114 44
44 114
114 70
70 101
101 44
44 101
101 13
13 76
76 55
55 44
44 55
55 101
101 114
114 13
13 44
44 138
138 17
17 44
44 105
105 17
17 58
58 105
105 17
17 44
44 13
13 70
70 101
101 44
44 114
114 101
101 44
44 105
105 114
114 55
