150 57
57 170
170 188
188 57
57 105
105 178
178 57
57 87
87 133
133 198
198 84
84 178
178 57
57 35
35 133
133 198
198 200
200 105
105 35
35 133
133 198
198 105
105 133
133 3
3 129
129 31
31 84
84 174
174 221
221 105
105 84
84 198
198 201
201 84
84 198
198 105
105 191
191 84
84 79
79 45
45 140
140 45
45 84
84 105
105 133
133 163
163 105
105 198
198 84
84 3
3 129
129 142
142 31
31 129
129 198
198 133
133 205
205 84
84 198
198 133
133 84
84 35
35 84
84 168
168 3
3 84
84 198
198 87
87 105
105 84
84 198
198 133
133 3
3 170
170 133
133 105
105 89
89 191
191 198
198 87
87 133
133 198
198 84
84 163
163 133
133 105
105 108
108 133
133 105
105 198
198 133
133 3
3 170
170 35
35 191
191 105
105 198
198 133
133 3
