35 129
129 133
133 198
198 133
133 111
111 207
207 133
133 198
198 84
84 163
163 133
133 198
198 87
87 84
84 205
205 133
133 198
198 174
174 84
84 198
198 163
163 84
84 198
198 108
108 84
84 163
163 133
133 198
198 105
105 178
178 84
84 198
198 133
133 3
3 129
129 198
198 133
133 188
188 61
61 133
133 31
31 142
142 80
80 31
31 84
84 108
108 35
35 108
108 237
237 198
198 133
133 168
168 84
84 89
89 186
186 84
84 133
133 198
198 84
84 205
205 133
133 198
198 84
84 133
133 198
198 84
84 176
176 57
57 170
170 191
191 133
133 198
198 170
170 133
133 198
198 84
84 19
19 133
133 35
35 170
170 35
35 191
191 111
111 35
35 133
133 198
198 168
168 133
133 198
198 84
84 163
163 133
133 198
198 105
105 178
178 87
87 108
108 133
133 35
