78 13
13 101
101 114
114 101
101 13
13 114
114 44
44 101
101 27
27 44
44 101
101 13
13 114
114 44
44 13
13 101
101 44
44 114
114 101
101 13
13 114
114 57
57 114
114 55
55 0
0 76
76 101
101 114
114 55
55 44
44 101
101 114
114 39
39 44
44 114
114 101
101 13
13 101
101 70
70 44
44 114
114 101
101 13
13 114
114 44
44 13
13 44
44 57
57 114
114 44
44 101
101 44
44 13
13 105
105 138
138 114
114 101
101 44
44 114
114 55
55 76
76 101
101 114
114 13
13 44
44 101
101 44
44 13
13 39
39 95
95 13
13 114
114 49
49 103
103 114
114 44
44 101
101 44
44 114
114 101
101 76
76 24
24 67
67 76
76 24
24 0
0 61
61 11
11 88
88 61
61 24
24 0
0 61
61 5
5 121
121 61
61 24
24 0
0 76
