44 101
101 27
27 81
81 33
33 101
101 70
70 13
13 101
101 44
44 114
114 55
55 127
127 76
76 13
13 101
101 108
108 33
33 5
5 27
27 50
50 5
5 33
33 50
50 5
5 101
101 114
114 13
13 105
105 44
44 17
17 58
58 44
44 17
17 114
114 44
44 27
27 70
70 13
13 55
55 0
0 70
70 101
101 44
44 61
61 121
121 5
5 61
61 121
121 88
88 121
121 61
61 5
5 33
33 121
121 61
61 5
5 81
81 33
33 5
5 61
61 5
5 81
81 27
27 101
101 13
13 114
114 44
44 55
55 114
114 101
101 44
44 27
27 101
101 13
13 114
114 101
101 72
72 114
114 44
44 101
101 114
114 117
117 101
101 44
44 81
81 27
27 44
44 114
114 70
70 0
0 55
55 44
44 117
117 118
118 44
44 101
101 76
76 114
114 101
