114 55
55 44
44 101
101 108
108 44
44 70
70 108
108 101
101 5
5 50
50 131
131 27
27 101
101 44
44 13
13 55
55 114
114 101
101 13
13 44
44 114
114 13
13 95
95 72
72 114
114 13
13 70
70 44
44 101
101 114
114 13
13 44
44 138
138 105
105 17
17 44
44 114
114 13
13 101
101 13
13 101
101 13
13 55
55 0
0 76
76 128
128 0
0 55
55 95
95 39
39 114
114 101
101 44
44 52
52 13
13 101
101 76
76 0
0 24
24 44
44 27
27 101
101 72
72 44
44 101
101 114
114 44
44 53
53 102
102 44
44 138
138 13
13 44
44 27
27 114
114 101
101 95
95 39
39 114
114 101
101 70
70 27
27 101
101 114
114 44
44 13
13 76
76 0
0 101
101 44
44 114
114 101
101 13
13 70
70 101
101 13
13 114
114 55
55 95
