108 27
27 81
81 50
50 131
131 27
27 44
44 13
13 76
76 13
13 101
101 47
47 13
13 44
44 101
101 44
44 95
95 101
101 44
44 114
114 101
101 44
44 70
70 101
101 44
44 114
114 13
13 70
70 44
44 101
101 13
13 76
76 72
72 101
101 13
13 27
27 101
101 13
13 114
114 101
101 44
44 27
27 81
81 5
5 33
33 5
5 81
81 27
27 44
44 13
13 114
114 44
44 114
114 17
17 105
105 13
13 114
114 101
101 27
27 81
81 50
50 33
33 81
81 5
5 0
0 67
67 24
24 76
76 127
127 55
55 95
95 39
39 114
114 101
101 44
44 114
114 57
57 117
117 44
44 101
101 13
13 44
44 101
101 13
13 70
70 13
13 44
44 114
114 101
101 44
44 114
114 13
13 101
101 44
44 114
114 13
13 101
101 44
44 76
76 13
