133 207
207 84
84 198
198 133
133 194
194 84
84 198
198 191
191 133
133 108
108 198
198 84
84 163
163 198
198 105
105 178
178 221
221 84
84 174
174 202
202 84
84 133
133 3
3 133
133 198
198 133
133 84
84 168
168 133
133 198
198 87
87 57
57 105
105 89
89 108
108 35
35 108
108 84
84 174
174 221
221 198
198 84
84 105
105 133
133 198
198 84
84 198
198 133
133 108
108 200
200 133
133 198
198 84
84 87
87 181
181 84
84 35
35 133
133 84
84 198
198 133
133 108
108 198
198 133
133 57
57 170
170 133
133 198
198 105
105 198
198 84
84 205
205 87
87 198
198 133
133 31
31 35
35 133
133 198
198 105
105 191
191 221
221 191
191 233
233 89
89 133
133 35
35 84
84 198
198 133
133 3
3 108
108 105
105 198
198 87
87 108
108 198
198 31
31 133
