# Directed graph: generated_songs/generated_jazz_song_51.txt 
# Nodes: 36 Edges: 73
# FromNodeId	ToNodeId
105	121
105	133
105	142
105	174
142	35
35	19
35	108
35	133
35	187
35	233
233	89
89	191
89	230
191	5
191	80
191	198
80	150
150	35
108	35
108	133
108	154
108	198
198	84
198	87
198	89
198	105
198	170
84	35
84	105
84	133
84	153
84	172
84	174
84	176
84	191
176	188
188	57
57	35
57	105
133	19
133	198
133	205
133	207
174	108
174	187
174	198
230	172
172	14
172	234
14	129
129	198
154	133
19	84
19	105
19	133
187	84
187	207
207	84
207	105
153	90
90	191
5	12
12	109
109	205
205	133
205	170
121	133
170	3
3	108
3	129
87	19
234	135
135	198
