# Directed graph: generated_songs/generated_jazz_song_55.txt 
# Nodes: 51 Edges: 89
# FromNodeId	ToNodeId
105	35
105	125
105	133
105	170
133	170
133	188
133	198
133	205
133	207
207	15
15	133
205	25
205	84
205	174
84	35
84	108
84	121
84	142
84	154
84	163
84	198
84	233
35	14
35	133
35	191
191	170
191	198
191	225
170	3
170	5
170	13
170	154
3	129
3	133
3	211
129	31
129	47
31	36
31	80
31	170
13	129
80	142
142	0
142	3
142	35
142	123
142	154
142	174
211	175
175	142
14	84
163	133
188	61
61	165
165	12
12	109
109	205
174	198
174	233
198	84
198	204
233	89
233	91
89	191
225	52
52	168
168	84
204	105
25	31
36	35
154	133
154	142
123	213
213	185
185	170
121	198
91	176
176	198
108	115
115	105
125	105
5	129
47	45
45	140
140	79
79	142
0	79
0	107
107	0
