# Directed graph: generated_songs/generated_jazz_song_32.txt 
# Nodes: 46 Edges: 84
# FromNodeId	ToNodeId
105	35
105	80
105	172
172	14
14	84
14	108
14	129
14	132
129	198
198	84
198	87
198	105
198	142
198	200
198	231
198	233
84	14
84	35
84	172
84	174
84	187
84	233
233	86
233	89
233	93
233	213
86	174
174	19
174	170
174	221
170	31
170	35
170	133
133	170
133	198
19	233
213	185
185	170
185	223
223	45
45	140
45	142
142	31
142	34
142	35
142	191
35	108
35	133
35	157
35	224
108	111
108	198
108	215
87	35
224	45
140	185
31	36
31	181
36	35
231	89
89	80
89	174
221	187
187	84
132	144
144	39
39	133
157	35
200	93
93	191
191	80
191	225
225	188
188	57
57	105
80	142
80	150
150	35
215	45
181	84
34	131
131	14
111	25
25	233
