# Directed graph: generated_songs/generated_jazz_song_34.txt 
# Nodes: 53 Edges: 90
# FromNodeId	ToNodeId
105	3
105	89
105	172
89	102
89	191
191	108
191	176
176	84
84	3
84	31
84	45
84	89
84	133
84	163
84	174
84	181
163	133
133	198
133	207
198	31
198	84
198	87
198	105
198	233
31	36
31	45
31	131
31	142
31	174
31	181
181	72
181	87
87	84
87	110
110	198
172	3
3	129
3	133
3	197
3	198
207	84
207	105
233	89
108	133
108	193
45	168
45	180
168	31
131	31
131	142
142	3
142	31
142	35
35	54
35	108
35	133
193	24
24	31
129	187
129	198
187	164
164	19
164	113
19	112
112	207
197	25
25	35
102	80
80	142
174	84
72	7
7	132
132	144
144	57
57	165
57	170
165	164
113	15
15	84
36	35
54	31
180	148
148	157
157	161
161	154
154	28
28	18
18	188
188	57
170	3
