# Directed graph: generated_songs/generated_jazz_song_61.txt 
# Nodes: 43 Edges: 82
# FromNodeId	ToNodeId
105	35
105	89
105	191
89	90
89	174
89	188
188	84
84	3
84	57
84	129
84	133
84	142
84	163
84	168
84	178
84	181
84	186
84	198
3	84
3	108
108	84
108	133
108	198
198	84
198	87
198	105
198	133
198	135
198	233
133	12
133	198
133	207
142	35
142	172
35	45
35	89
35	111
35	133
35	187
35	191
191	80
191	111
80	142
172	14
14	133
111	35
111	142
187	84
187	170
170	35
174	19
174	198
19	113
113	115
115	102
102	178
178	55
178	89
178	99
178	108
99	37
37	178
45	168
168	3
168	84
168	133
87	133
57	105
186	84
90	178
55	43
43	88
88	35
181	208
208	84
233	89
163	133
12	133
207	84
207	117
129	198
135	207
