# Directed graph: generated_songs/generated_jazz_song_31.txt 
# Nodes: 42 Edges: 79
# FromNodeId	ToNodeId
105	35
105	142
142	0
142	3
142	31
142	35
142	56
142	154
3	129
3	133
129	198
198	84
198	87
198	105
198	170
198	172
198	178
84	0
84	13
84	31
84	105
84	133
84	142
84	172
84	178
31	61
31	142
61	84
172	3
172	14
133	163
133	198
133	205
133	207
170	154
154	28
154	133
154	142
28	125
28	182
182	69
69	154
35	108
35	111
35	133
35	225
35	233
207	84
207	87
178	34
178	84
178	142
125	105
108	154
87	102
87	110
110	133
225	47
47	45
45	198
14	84
0	107
0	142
107	0
107	191
111	133
56	44
44	88
88	35
205	121
121	133
102	178
191	221
221	84
13	133
163	84
34	31
233	89
89	178
