# Directed graph: generated_songs/generated_jazz_song_82.txt 
# Nodes: 46 Edges: 76
# FromNodeId	ToNodeId
105	89
89	80
89	178
89	191
191	84
84	3
84	35
84	80
84	108
84	129
84	174
84	178
84	181
84	198
80	149
80	150
149	35
35	19
35	133
35	233
133	57
133	118
133	170
133	198
133	205
205	84
178	188
188	57
57	165
57	230
230	172
172	3
3	108
3	133
108	133
108	198
198	84
198	233
174	111
111	133
111	186
233	89
118	87
87	133
87	142
170	3
170	31
150	81
81	142
142	0
142	5
142	31
142	154
0	79
79	142
31	33
31	170
33	34
34	131
131	53
131	142
53	131
154	133
181	170
165	153
153	164
164	19
19	87
19	125
5	111
186	84
125	135
135	194
194	84
129	163
163	133
