# Directed graph: generated_songs/generated_jazz_song_81.txt 
# Nodes: 43 Edges: 75
# FromNodeId	ToNodeId
105	35
105	89
105	121
105	178
121	133
133	20
133	84
133	125
133	198
133	205
20	198
198	84
198	105
198	133
198	200
198	201
198	208
178	72
72	69
69	154
154	18
154	133
154	142
18	188
188	57
57	165
57	170
170	14
170	154
170	188
14	129
14	131
14	133
129	47
47	45
45	188
165	198
200	93
93	174
174	84
84	3
84	35
84	96
84	105
84	108
84	133
84	168
84	172
3	133
205	84
96	191
191	142
191	185
142	0
142	31
31	35
31	36
31	178
172	14
131	142
131	170
0	2
2	142
36	35
35	108
35	133
108	191
108	198
89	186
186	84
208	84
185	170
125	105
201	84
168	34
