# Directed graph: generated_songs/generated_jazz_song_5.txt 
# Nodes: 42 Edges: 73
# FromNodeId	ToNodeId
105	116
105	133
105	142
105	170
105	172
116	87
87	191
191	133
191	164
191	178
133	198
198	31
198	84
198	89
198	105
198	170
84	35
84	111
84	121
84	133
84	153
84	163
84	174
35	31
35	108
35	111
35	133
35	170
108	198
108	237
237	25
25	233
233	89
89	174
89	191
178	88
88	35
170	3
170	14
170	215
3	133
153	130
130	205
205	123
123	213
213	214
214	51
51	140
140	224
224	45
45	84
31	35
31	36
31	133
31	142
31	170
111	133
111	200
174	84
174	221
121	198
142	31
172	14
14	131
14	133
131	170
215	191
164	19
19	108
36	35
221	84
163	133
200	84
