# Directed graph: generated_songs/generated_rock_song_62.txt 
# Nodes: 26 Edges: 65
# FromNodeId	ToNodeId
44	13
44	57
44	61
44	70
44	72
44	101
44	114
44	131
70	44
70	101
61	5
5	27
5	81
27	44
27	50
27	81
27	101
27	114
50	5
50	27
50	81
81	5
81	27
81	50
81	109
101	13
101	44
101	70
101	81
101	114
13	44
13	57
13	101
13	114
114	0
114	10
114	13
114	39
114	44
114	55
114	57
114	76
114	101
114	110
39	114
0	70
0	76
76	13
76	21
76	73
21	76
73	0
109	50
55	96
55	114
96	3
3	117
117	101
10	13
57	101
57	114
131	27
110	44
72	95
95	13
