# Directed graph: generated_songs/generated_jazz_song_21.txt 
# Nodes: 39 Edges: 65
# FromNodeId	ToNodeId
105	98
105	170
105	172
98	3
3	133
3	188
3	198
188	62
188	100
62	153
153	154
154	57
57	170
170	3
170	35
133	123
133	163
133	186
133	198
133	207
198	84
198	89
198	105
198	170
198	191
198	225
89	191
191	45
191	111
191	165
191	225
111	133
207	84
84	3
84	24
84	35
84	94
84	133
84	163
84	198
94	158
158	191
165	28
28	133
45	173
173	141
141	133
35	108
35	133
108	198
172	14
14	135
135	198
163	133
123	213
213	178
178	84
24	31
31	133
186	198
225	52
225	188
52	191
100	46
46	100
