# Directed graph: generated_songs/generated_jazz_song_65.txt 
# Nodes: 45 Edges: 86
# FromNodeId	ToNodeId
105	142
105	157
105	178
105	191
105	224
178	84
178	108
108	35
108	111
108	198
108	205
111	133
111	164
133	198
133	205
198	84
198	170
198	200
198	201
198	232
201	105
191	57
191	187
187	105
224	45
45	79
45	108
45	140
45	142
84	3
84	39
84	80
84	89
84	225
80	142
80	150
80	170
142	3
142	5
142	31
142	35
142	154
5	3
3	108
3	133
35	80
35	108
35	157
205	84
205	87
205	133
87	162
162	133
39	225
225	45
225	80
170	14
170	150
150	31
150	35
31	80
31	224
154	19
19	113
19	135
135	207
207	105
157	111
157	133
200	105
164	19
164	133
113	224
140	79
79	40
79	142
232	178
89	187
57	164
57	165
165	167
167	188
188	57
14	133
40	123
123	213
