# Directed graph: generated_songs/generated_jazz_song_92.txt 
# Nodes: 39 Edges: 75
# FromNodeId	ToNodeId
105	35
105	54
105	108
105	133
105	178
105	233
178	84
178	89
178	105
178	142
108	110
108	198
198	35
198	84
198	87
198	89
198	105
198	133
198	142
198	213
198	224
198	232
35	108
35	133
35	137
137	198
84	35
84	39
84	105
84	133
84	163
84	170
84	172
84	198
39	178
142	5
142	34
142	40
34	57
57	105
57	154
154	19
19	87
87	55
87	133
87	201
133	163
133	198
224	45
45	133
163	110
163	133
201	84
170	3
170	163
3	133
89	129
89	174
89	230
129	198
5	111
111	198
110	198
213	82
82	128
128	108
55	64
64	57
172	4
4	133
233	89
174	84
54	170
230	108
232	178
