# Directed graph: generated_songs/generated_jazz_song_46.txt 
# Nodes: 39 Edges: 75
# FromNodeId	ToNodeId
105	35
105	79
105	89
105	135
105	170
79	142
142	3
142	31
142	35
142	154
35	108
35	133
133	49
133	198
198	84
198	87
198	89
198	105
198	170
198	172
198	200
84	3
84	35
84	108
84	111
84	133
84	135
84	163
84	233
111	198
3	108
3	129
3	133
108	112
108	133
108	188
188	57
57	152
152	35
233	89
89	90
89	174
89	186
186	84
170	3
170	10
170	35
112	233
174	168
174	186
174	221
221	105
87	3
87	133
90	174
168	84
135	198
135	200
200	84
200	87
129	142
154	9
154	28
154	142
28	154
9	28
31	80
80	150
150	40
40	2
2	35
10	133
163	133
49	142
172	14
