# Directed graph: generated_songs/generated_jazz_song_15.txt 
# Nodes: 38 Edges: 81
# FromNodeId	ToNodeId
105	35
105	157
105	170
105	178
157	35
35	31
35	108
35	133
35	178
35	187
35	225
35	233
133	120
133	198
133	205
133	207
207	87
87	35
87	188
87	233
31	3
31	36
3	133
198	84
198	87
198	89
198	105
198	204
198	233
84	35
84	79
84	163
84	174
84	176
79	142
142	35
108	35
108	188
108	200
200	105
178	71
178	84
178	99
99	102
99	178
71	80
80	31
80	142
187	84
187	198
233	89
89	80
89	129
89	178
89	187
129	186
186	84
163	170
170	3
170	35
170	133
170	187
225	52
225	188
52	191
191	176
176	84
176	87
36	35
204	105
120	108
188	57
57	34
57	35
57	170
34	57
34	225
205	170
174	142
102	99
102	188
