# Directed graph: generated_songs/generated_jazz_song_85.txt 
# Nodes: 46 Edges: 83
# FromNodeId	ToNodeId
105	35
105	89
105	191
191	80
191	111
191	133
191	165
191	225
225	50
50	170
170	3
170	5
170	9
170	31
170	35
31	142
142	35
35	38
35	108
35	110
35	133
38	108
108	133
108	154
108	188
108	237
133	19
133	61
133	80
133	170
133	198
133	205
133	207
19	133
207	105
80	150
150	35
110	108
154	133
198	84
198	102
198	105
198	133
84	3
84	168
84	176
84	181
84	198
84	233
176	188
188	57
188	84
188	170
9	3
3	108
3	129
3	133
61	165
165	167
165	233
233	89
233	93
93	91
91	191
102	188
57	152
152	213
213	224
224	45
45	170
5	3
237	170
89	191
111	199
199	198
205	84
205	170
181	208
208	84
168	191
167	188
129	47
47	45
