# Directed graph: generated_songs/generated_jazz_song_56.txt 
# Nodes: 38 Edges: 76
# FromNodeId	ToNodeId
105	108
105	233
108	133
108	142
108	198
108	222
222	45
45	142
45	168
168	84
84	3
84	89
84	133
84	163
84	164
84	176
176	133
133	21
133	61
133	84
133	187
133	198
133	229
198	84
198	87
198	105
198	133
198	170
89	225
225	52
225	80
80	142
80	146
80	150
150	5
150	31
150	35
31	45
31	80
31	142
31	149
142	3
142	31
142	35
35	80
35	108
35	133
35	170
35	225
61	31
187	84
164	170
170	12
170	31
170	35
170	133
12	111
111	27
111	55
27	117
117	84
163	133
3	108
3	129
3	170
129	80
146	35
87	35
52	150
5	111
55	64
64	57
57	3
21	198
149	35
229	198
