# Directed graph: generated_songs/generated_jazz_song_50.txt 
# Nodes: 36 Edges: 67
# FromNodeId	ToNodeId
105	35
105	89
105	133
35	111
35	133
35	137
111	27
111	133
111	200
200	105
89	191
191	80
191	133
80	142
80	150
150	35
137	198
198	35
198	80
198	84
198	89
198	105
198	133
198	170
198	185
198	219
84	142
84	163
84	198
142	31
142	34
142	35
31	35
31	142
31	170
170	3
170	12
170	154
170	163
3	133
133	87
133	198
133	207
207	15
207	105
207	170
163	129
163	133
163	198
129	186
186	84
185	170
87	188
188	54
54	31
12	133
27	117
117	84
219	191
34	181
181	170
154	142
15	152
152	123
123	224
224	45
45	170
