# Directed graph: generated_songs/generated_jazz_song_19.txt 
# Nodes: 45 Edges: 83
# FromNodeId	ToNodeId
105	89
105	157
105	178
105	191
105	213
105	225
191	3
191	57
191	105
191	186
191	221
57	105
57	165
165	28
28	15
15	23
23	113
113	135
135	200
200	93
93	191
3	108
3	133
108	133
108	194
108	198
133	194
133	198
133	207
207	84
207	105
225	188
188	57
157	111
111	133
194	84
194	198
198	84
198	105
198	106
198	170
178	84
178	108
178	142
84	80
84	108
84	133
84	163
84	164
84	181
84	198
84	221
84	230
221	84
221	239
239	105
186	84
89	102
102	178
142	31
142	35
142	80
142	191
31	34
31	84
31	142
31	178
80	150
150	31
181	142
181	150
213	82
213	191
82	123
123	213
34	3
35	233
233	84
164	133
170	3
106	87
87	178
163	133
