# Directed graph: generated_songs/generated_jazz_song_80.txt 
# Nodes: 45 Edges: 76
# FromNodeId	ToNodeId
105	35
105	54
105	89
105	133
105	172
35	133
35	225
35	233
233	91
91	176
176	187
187	84
84	31
84	35
84	121
84	133
84	142
84	174
84	198
31	33
31	35
31	36
133	129
133	163
133	198
133	205
133	207
207	105
207	124
198	31
198	84
198	87
198	89
198	105
198	137
89	186
89	191
191	188
188	69
69	154
154	133
87	178
178	142
142	0
142	31
142	34
142	35
163	84
163	133
186	84
33	34
34	35
225	45
45	142
45	170
170	163
54	5
5	12
12	133
129	80
129	133
80	142
0	65
65	142
36	35
137	73
73	13
13	112
112	207
124	224
224	45
121	133
205	84
174	198
172	14
14	129
