# Directed graph: generated_songs/generated_jazz_song_12.txt 
# Nodes: 40 Edges: 76
# FromNodeId	ToNodeId
105	3
105	35
105	133
105	178
3	108
3	133
133	53
133	61
133	84
133	170
133	187
133	198
133	205
170	3
170	187
170	191
187	84
187	198
198	84
198	105
198	172
198	208
84	35
84	39
84	133
84	140
84	163
84	170
84	176
84	178
84	186
84	187
84	225
39	133
61	55
55	87
87	84
87	133
53	133
178	84
35	19
35	34
35	111
35	133
19	112
112	84
111	133
172	3
172	14
14	133
34	57
57	105
163	133
205	87
176	84
140	185
185	224
224	45
45	26
45	169
26	115
115	105
115	108
108	198
225	45
225	52
169	31
31	142
31	225
142	3
142	31
52	170
186	115
208	84
191	80
80	142
