# Directed graph: generated_songs/generated_jazz_song_14.txt 
# Nodes: 45 Edges: 80
# FromNodeId	ToNodeId
105	90
105	98
105	133
105	143
105	233
143	3
143	142
3	108
3	133
108	133
108	198
198	84
198	89
198	105
198	133
198	200
198	201
84	3
84	89
84	108
84	133
84	163
84	172
84	198
133	105
133	115
133	125
133	142
133	198
133	205
133	207
115	89
115	108
115	224
89	92
89	191
89	213
89	233
233	89
233	91
191	221
221	84
125	113
113	115
224	45
45	115
45	140
45	169
140	224
169	31
31	36
31	45
213	133
201	84
205	84
172	3
200	37
37	31
37	133
98	3
142	35
142	154
35	108
207	84
91	176
176	198
176	221
92	176
163	133
90	181
181	143
154	9
9	28
28	182
182	72
72	69
69	157
157	111
111	186
186	37
