# Directed graph: generated_songs/generated_jazz_song_28.txt 
# Nodes: 42 Edges: 83
# FromNodeId	ToNodeId
105	54
105	89
105	108
105	178
105	198
198	31
198	84
198	87
198	105
198	172
198	225
84	142
84	163
84	174
84	176
84	178
84	191
178	105
178	108
108	133
108	205
108	230
133	84
133	163
133	198
133	205
225	45
225	188
45	170
170	9
170	12
170	13
170	31
170	35
35	133
35	187
187	84
176	221
221	84
221	239
239	170
12	133
31	3
31	142
31	149
31	170
31	174
3	52
3	133
52	170
9	3
205	84
163	133
191	188
191	221
191	225
188	57
57	87
57	152
57	153
87	35
87	108
172	3
172	14
14	108
14	133
230	172
54	31
13	14
142	31
142	56
149	31
56	44
44	88
88	35
89	174
174	168
174	191
168	52
152	102
102	188
153	90
90	174
