# Directed graph: generated_songs/generated_jazz_song_18.txt 
# Nodes: 41 Edges: 79
# FromNodeId	ToNodeId
105	87
105	121
105	142
105	198
105	225
142	31
31	35
31	84
31	133
31	174
31	178
174	45
174	198
174	202
45	168
168	3
168	52
3	108
3	111
111	133
133	31
133	198
133	205
133	207
198	84
198	87
198	105
198	106
198	133
198	170
170	3
108	35
108	115
108	198
87	35
87	78
87	110
87	188
35	108
35	133
110	133
207	84
84	31
84	35
84	61
84	89
84	105
84	198
84	201
201	84
89	174
89	178
89	191
178	55
178	84
178	89
55	43
43	88
88	35
106	80
80	142
115	108
61	31
225	52
52	168
52	172
172	14
14	133
205	87
188	57
57	105
57	152
152	102
102	89
202	87
78	39
39	178
191	188
121	133
