# Directed graph: generated_songs/generated_jazz_song_94.txt 
# Nodes: 53 Edges: 87
# FromNodeId	ToNodeId
105	80
105	98
105	121
105	172
105	191
172	3
172	14
3	129
3	133
129	80
129	186
186	84
186	105
186	198
198	84
198	105
198	106
198	143
198	208
84	11
84	133
84	142
84	172
84	178
84	186
14	129
14	132
80	150
150	31
150	35
31	0
31	236
236	89
89	174
89	176
176	84
191	225
225	45
45	168
168	133
133	57
133	61
133	198
133	205
133	207
205	170
170	3
170	12
170	14
12	133
61	165
165	233
233	89
174	19
174	170
178	105
178	142
142	31
142	35
0	209
209	195
195	84
11	133
57	170
132	144
144	39
39	178
35	108
35	111
35	137
137	198
208	84
108	133
108	198
121	133
207	84
106	154
154	102
154	133
143	35
111	55
55	69
69	154
102	37
37	108
98	174
19	125
