# Directed graph: generated_songs/generated_jazz_song_89.txt 
# Nodes: 53 Edges: 89
# FromNodeId	ToNodeId
105	89
105	110
105	191
89	176
89	191
191	45
191	80
191	142
191	170
142	34
142	40
142	170
170	3
170	163
3	108
3	129
129	198
129	200
200	28
200	84
84	3
84	31
84	96
84	133
84	168
84	233
108	115
108	133
108	198
108	234
234	95
95	191
80	142
34	35
34	225
35	133
35	178
133	87
133	163
133	198
133	200
133	205
133	207
207	84
198	84
198	105
198	133
198	208
198	233
163	129
163	133
233	89
233	221
176	84
221	198
168	34
225	45
45	142
45	180
180	148
148	61
61	165
165	153
165	164
164	19
19	113
113	105
110	133
96	191
40	79
79	143
143	39
39	178
178	55
178	57
55	43
43	88
88	35
208	84
31	108
115	108
28	182
182	72
72	35
87	35
57	165
153	154
154	133
205	84
