# Directed graph: generated_songs/generated_jazz_song_41.txt 
# Nodes: 46 Edges: 79
# FromNodeId	ToNodeId
105	35
105	54
105	172
105	191
191	57
191	87
191	187
87	35
87	37
87	55
87	188
55	43
43	88
88	35
35	108
35	129
35	133
35	137
137	198
198	84
198	87
198	105
198	133
198	233
233	89
233	191
89	230
230	172
172	3
172	14
14	87
14	108
14	132
14	135
133	146
133	198
133	205
84	3
84	163
84	172
84	187
3	108
3	133
108	84
108	112
108	133
108	205
205	84
163	198
188	61
61	165
165	153
153	108
187	84
187	198
132	144
144	32
32	80
80	142
80	150
150	31
31	35
31	170
170	14
112	207
207	178
178	72
72	80
142	3
142	35
146	35
37	233
57	34
34	111
111	142
129	14
135	200
200	105
54	31
