# Directed graph: generated_songs/generated_rock_song_44.txt 
# Nodes: 29 Edges: 63
# FromNodeId	ToNodeId
44	13
44	55
44	70
44	72
44	78
44	101
44	108
44	110
44	114
44	133
101	13
101	44
101	55
101	70
101	95
101	114
70	0
70	13
70	101
13	44
13	95
13	101
13	114
114	13
114	44
114	101
114	105
114	110
105	13
110	13
110	44
108	50
50	5
50	27
5	81
5	108
27	91
91	51
51	5
81	33
33	124
124	61
61	11
61	44
11	88
88	24
24	61
24	67
67	95
95	72
95	101
72	13
72	114
55	0
55	44
55	101
55	114
0	76
0	127
76	24
78	101
127	55
133	44
