# Directed graph: generated_songs/generated_jazz_song_57.txt 
# Nodes: 43 Edges: 74
# FromNodeId	ToNodeId
105	35
105	80
105	84
105	133
105	191
84	14
84	35
84	133
84	163
35	61
35	107
35	108
35	112
35	181
35	191
35	225
108	113
108	115
108	133
108	233
113	123
123	98
98	3
3	133
133	61
133	198
133	207
198	84
198	87
198	105
198	219
14	129
14	133
87	35
225	52
52	172
172	14
129	3
61	6
61	31
61	170
31	35
170	12
170	215
12	133
207	84
207	105
112	84
181	150
150	35
233	224
224	45
45	168
45	170
215	191
191	45
191	133
191	176
191	198
168	3
219	191
80	150
107	0
0	29
0	107
29	142
142	35
176	133
115	105
163	133
6	8
8	22
22	205
205	207
