# Directed graph: generated_songs/generated_rock_song_5.txt 
# Nodes: 32 Edges: 74
# FromNodeId	ToNodeId
44	13
44	27
44	30
44	52
44	55
44	110
44	114
114	0
114	13
114	44
114	55
114	70
114	101
55	0
55	13
55	44
55	95
0	24
0	39
0	76
39	44
39	55
110	44
13	44
13	46
13	76
13	95
13	101
13	110
13	114
76	7
76	13
76	121
7	67
67	24
24	0
24	61
24	67
61	5
61	101
5	81
81	33
81	109
33	5
33	61
33	88
101	13
101	44
101	81
101	114
30	101
88	24
121	39
27	81
27	101
109	50
50	27
70	44
70	95
95	13
95	44
95	101
95	114
46	137
137	105
105	13
105	17
105	74
17	44
52	49
49	20
49	105
20	49
74	105
