# Directed graph: generated_songs/generated_jazz_song_63.txt 
# Nodes: 43 Edges: 84
# FromNodeId	ToNodeId
105	89
105	111
105	191
105	233
233	35
233	89
35	80
35	111
35	133
35	187
35	225
80	146
146	35
111	133
111	199
199	198
198	84
198	87
198	89
198	105
198	108
198	129
198	172
191	57
191	84
191	133
133	12
133	170
133	198
133	205
133	207
207	84
207	87
87	168
87	188
87	198
108	115
108	198
108	233
84	19
84	35
84	96
84	133
84	181
84	198
181	59
59	209
209	193
193	31
31	135
31	224
135	207
19	133
172	3
172	14
14	133
205	84
205	207
3	108
3	111
3	133
188	57
57	154
57	170
154	142
142	35
225	45
45	115
45	170
170	3
170	35
129	200
200	84
115	105
115	108
89	176
89	191
176	221
221	84
96	191
12	133
187	87
168	31
224	45
