# Directed graph: generated_songs/generated_jazz_song_16.txt 
# Nodes: 42 Edges: 79
# FromNodeId	ToNodeId
105	79
105	84
105	191
105	225
105	233
233	89
89	178
89	191
191	80
191	142
191	176
142	0
142	3
142	31
142	35
142	40
142	154
40	80
80	142
35	14
35	111
14	133
133	157
133	170
133	198
157	111
111	133
198	84
198	87
198	89
198	105
198	133
198	194
198	200
198	233
84	3
84	35
84	105
84	133
84	168
84	174
84	191
168	174
174	37
174	221
37	108
108	172
172	14
170	163
163	131
131	31
31	3
31	142
3	129
3	133
3	198
87	133
178	34
178	99
178	142
99	178
0	79
79	139
79	142
79	143
139	133
129	142
34	57
57	3
221	84
176	61
61	84
61	105
154	133
200	84
225	188
188	61
143	3
194	84
