# Directed graph: generated_songs/generated_jazz_song_54.txt 
# Nodes: 45 Edges: 83
# FromNodeId	ToNodeId
105	45
105	133
105	191
191	45
191	87
87	84
87	181
87	198
181	72
72	80
80	150
150	34
150	35
34	31
34	225
31	36
31	133
31	142
36	35
35	31
35	45
35	61
35	79
35	133
45	105
45	170
45	180
133	108
133	163
133	198
133	205
198	84
198	87
198	89
198	133
198	142
198	170
198	207
198	225
225	45
225	188
170	3
170	35
170	102
170	191
3	133
205	106
205	174
106	80
108	133
108	188
142	31
142	35
79	63
63	35
207	84
84	5
84	133
5	133
163	170
180	148
148	61
61	6
6	22
6	133
22	205
174	15
15	23
23	18
18	188
188	57
188	102
188	170
57	170
102	178
178	0
178	34
178	200
200	37
37	108
89	178
0	107
107	35
