# Directed graph: generated_songs/generated_jazz_song_17.txt 
# Nodes: 45 Edges: 76
# FromNodeId	ToNodeId
105	79
105	142
105	198
142	0
142	31
142	35
0	209
209	193
193	24
193	112
112	84
112	207
207	84
207	105
35	34
35	108
35	133
108	115
108	133
115	108
133	105
133	194
133	198
133	205
133	207
198	84
198	87
198	89
198	105
198	172
89	174
89	187
174	3
174	168
168	34
168	84
84	3
84	35
84	133
84	168
84	230
230	5
5	133
194	84
34	45
34	233
233	89
187	87
187	164
87	89
87	181
87	188
181	170
170	154
154	142
3	133
172	14
14	112
14	133
45	173
173	141
141	231
231	93
93	191
191	221
221	187
164	133
79	142
31	133
31	193
24	31
205	106
106	87
188	100
100	46
46	100
