# Directed graph: generated_songs/generated_jazz_song_64.txt 
# Nodes: 47 Edges: 84
# FromNodeId	ToNodeId
105	35
105	79
105	108
105	149
105	157
105	178
105	198
35	108
35	133
35	137
35	225
133	105
133	194
133	198
133	200
198	25
198	84
198	87
198	105
198	129
198	133
198	233
84	3
84	35
84	89
84	108
84	170
170	3
170	31
170	35
170	163
170	225
3	108
3	133
108	133
108	135
108	198
89	168
89	174
89	178
178	84
178	105
157	28
28	143
143	35
25	233
233	89
233	95
95	192
192	111
111	199
199	198
194	198
135	207
207	170
225	45
225	188
45	26
45	170
26	119
119	212
212	209
209	193
193	57
57	170
188	170
31	33
31	45
163	129
129	80
129	198
80	150
150	35
200	84
174	198
87	35
168	34
34	181
181	142
142	31
142	35
137	198
149	35
79	142
