# Directed graph: generated_songs/generated_jazz_song_52.txt 
# Nodes: 37 Edges: 82
# FromNodeId	ToNodeId
105	133
105	135
105	170
105	174
105	178
105	191
105	198
198	3
198	84
198	105
198	194
135	198
84	0
84	88
84	105
84	111
84	133
84	163
84	174
84	176
84	188
84	205
174	3
174	37
174	191
174	198
191	105
191	133
191	188
191	233
233	89
89	90
89	142
89	191
133	3
133	196
133	198
133	205
133	207
205	25
205	174
25	31
31	133
31	142
188	57
188	170
170	3
170	89
170	191
0	142
142	35
142	105
142	172
3	39
3	52
3	108
3	133
3	187
187	105
37	172
172	3
57	3
52	150
52	170
90	174
39	133
194	84
178	200
200	84
176	84
163	133
108	19
108	35
19	135
111	133
207	105
150	31
35	84
35	89
35	108
88	35
196	89
