# Directed graph: generated_songs/generated_jazz_song_53.txt 
# Nodes: 45 Edges: 83
# FromNodeId	ToNodeId
105	89
105	133
105	163
89	174
174	84
174	191
174	224
191	80
80	142
80	150
150	35
35	19
35	31
35	133
35	137
35	170
35	187
35	225
187	84
84	3
84	39
84	108
84	163
84	168
84	233
233	35
233	89
137	198
198	84
198	87
198	89
198	102
198	105
198	194
198	208
194	84
3	133
133	125
133	198
163	170
163	198
87	108
87	233
108	133
108	142
108	198
224	45
45	80
45	173
142	35
142	129
142	178
129	133
170	31
170	35
170	165
31	34
31	35
31	36
19	112
112	237
237	105
237	198
168	31
34	35
36	35
165	37
37	108
125	113
113	123
123	224
173	141
141	237
178	72
178	142
178	170
208	84
39	178
72	69
69	154
154	102
102	37
102	178
