# Directed graph: generated_songs/generated_jazz_song_47.txt 
# Nodes: 43 Edges: 80
# FromNodeId	ToNodeId
105	3
105	79
105	110
105	121
105	198
110	133
133	84
133	120
133	170
133	198
133	200
198	84
198	87
198	89
198	105
198	170
79	142
142	154
154	15
154	19
154	57
154	69
69	154
19	125
125	105
3	108
3	129
3	133
108	133
108	198
170	3
129	198
84	3
84	35
84	57
84	108
84	120
84	133
84	174
84	186
84	233
89	174
89	191
174	84
120	198
87	3
87	35
35	31
35	187
31	80
31	151
80	150
150	31
151	84
187	101
101	188
188	57
188	135
188	198
135	198
57	3
57	153
57	198
121	133
191	133
191	165
200	28
28	18
28	154
15	152
15	188
152	102
102	178
178	188
153	154
165	28
18	15
18	23
23	18
186	198
