# Directed graph: generated_songs/generated_jazz_song_37.txt 
# Nodes: 46 Edges: 79
# FromNodeId	ToNodeId
105	170
105	178
105	233
170	35
170	154
154	133
133	84
133	123
133	188
133	198
198	84
198	87
198	142
198	170
84	3
84	11
84	121
84	133
84	142
84	174
121	133
121	198
87	37
87	133
87	145
87	162
162	133
123	213
213	82
213	185
213	214
214	45
45	26
45	140
45	173
26	115
115	105
233	35
233	93
35	3
35	108
35	112
112	84
174	224
224	45
140	45
140	123
82	123
185	87
37	108
108	133
108	198
108	222
142	3
142	31
142	34
142	35
3	5
3	133
188	57
57	105
57	165
165	167
167	188
178	142
34	233
93	191
191	80
80	142
31	181
181	111
111	55
55	43
43	87
11	133
5	108
222	45
173	185
145	87
