# Directed graph: generated_songs/generated_jazz_song_72.txt 
# Nodes: 45 Edges: 85
# FromNodeId	ToNodeId
105	80
105	115
105	143
105	191
80	142
80	150
142	31
142	34
142	115
142	178
115	105
115	108
108	133
108	172
108	198
172	3
3	108
133	170
133	188
133	198
198	84
198	87
198	89
198	101
198	102
198	105
198	129
198	133
198	201
101	37
37	108
84	11
84	35
84	39
84	163
11	133
129	80
150	35
35	89
35	133
102	135
102	178
178	34
178	69
178	89
178	99
69	174
174	108
174	221
191	80
89	174
89	178
89	191
99	178
34	111
34	133
34	181
201	84
163	133
163	170
170	12
170	14
170	154
170	163
143	35
221	198
87	133
87	188
31	178
111	133
111	186
186	84
39	133
154	142
181	102
135	207
207	84
188	57
57	165
57	170
165	164
164	19
19	87
12	111
14	135
