# Directed graph: generated_songs/generated_jazz_song_76.txt 
# Nodes: 53 Edges: 90
# FromNodeId	ToNodeId
105	79
105	172
172	14
14	133
133	49
133	150
133	157
133	170
133	188
133	198
133	200
133	205
133	207
207	84
84	3
84	13
84	31
84	35
84	163
84	168
84	233
3	39
3	108
3	129
3	133
3	187
187	84
31	84
31	170
13	133
49	142
142	3
142	35
142	191
191	80
80	142
150	5
5	3
39	178
178	84
163	133
198	84
198	87
198	105
198	170
170	3
170	14
170	31
170	35
170	154
154	18
154	19
19	84
19	133
168	34
34	131
131	170
200	84
35	61
35	108
35	133
61	6
61	55
55	69
69	155
155	79
79	142
79	143
108	133
188	57
188	61
6	8
8	22
22	205
205	207
233	89
89	225
225	52
52	170
143	3
129	14
87	133
157	159
159	18
18	23
18	133
23	113
113	164
164	19
57	154
