# Directed graph: generated_songs/generated_jazz_song_62.txt 
# Nodes: 50 Edges: 84
# FromNodeId	ToNodeId
105	35
105	191
191	72
191	105
191	221
221	84
84	35
84	89
84	133
84	181
84	186
84	233
233	89
89	174
89	191
174	186
174	188
186	84
133	87
133	198
133	205
198	84
198	89
198	99
198	105
198	172
72	3
3	129
3	133
3	187
3	188
129	3
129	142
129	186
142	0
142	3
142	31
142	154
31	33
31	80
31	168
168	3
187	101
101	37
37	108
108	133
108	237
237	225
225	45
45	180
180	148
148	150
150	81
81	142
0	29
29	142
154	133
35	19
35	108
35	133
35	170
170	14
170	31
170	163
33	34
34	35
19	198
172	3
188	57
188	62
57	3
87	181
181	170
80	142
62	153
153	28
28	198
99	102
102	178
178	99
178	170
14	133
205	84
163	129
