# Directed graph: generated_songs/generated_jazz_song_59.txt 
# Nodes: 41 Edges: 78
# FromNodeId	ToNodeId
105	35
105	90
105	110
105	178
110	133
133	3
133	5
133	115
133	170
133	198
133	205
205	233
233	89
89	133
3	133
170	3
170	5
170	31
170	108
170	154
115	105
35	19
35	108
35	133
35	170
35	191
191	5
191	80
5	111
5	133
111	35
111	164
164	19
164	22
164	133
19	133
19	198
198	35
198	84
198	87
198	105
198	133
198	170
198	200
198	219
219	45
45	170
200	84
84	105
84	133
84	198
87	164
87	178
22	125
125	94
94	188
188	57
57	19
57	164
57	165
165	167
167	188
90	191
80	142
142	35
108	133
108	198
31	80
178	55
178	89
55	69
69	157
157	161
161	154
154	28
28	135
28	188
135	87
