# Directed graph: generated_songs/generated_jazz_song_4.txt 
# Nodes: 43 Edges: 83
# FromNodeId	ToNodeId
105	51
105	89
105	191
105	213
51	140
140	79
140	163
79	98
98	3
3	108
3	129
3	133
3	135
135	206
135	207
207	84
207	105
207	170
84	3
84	55
84	105
84	187
84	193
84	198
84	205
84	230
108	84
108	198
198	84
198	87
198	89
198	105
198	133
198	135
198	137
133	57
133	84
133	163
133	168
133	198
133	207
133	229
137	198
55	69
69	35
35	34
35	133
213	178
178	57
57	3
57	170
170	3
170	35
170	163
229	198
191	133
168	133
129	80
129	198
80	142
142	31
31	36
31	84
31	142
89	108
89	133
89	174
89	192
174	84
187	170
163	129
163	133
192	130
130	198
230	89
87	225
225	45
45	140
205	84
193	31
36	35
34	3
206	94
