# Directed graph: generated_songs/generated_jazz_song_99.txt 
# Nodes: 42 Edges: 79
# FromNodeId	ToNodeId
105	35
105	143
105	191
105	225
105	233
35	54
35	133
35	181
35	191
181	52
52	170
170	3
170	5
170	14
170	35
170	102
133	61
133	105
133	170
133	186
133	198
198	31
198	84
198	89
198	105
198	133
198	178
198	208
233	89
89	3
89	191
3	108
3	133
186	57
57	105
57	170
14	133
178	99
178	142
142	3
142	154
108	115
108	154
108	198
115	102
102	69
102	178
69	154
69	157
154	19
154	28
154	69
157	133
225	45
45	170
5	111
111	133
191	135
191	142
191	176
135	198
135	206
84	31
84	35
84	198
208	84
31	121
31	178
121	133
61	108
19	133
28	135
206	94
94	188
188	57
176	57
99	188
54	165
165	105
