# Directed graph: generated_songs/generated_jazz_song_97.txt 
# Nodes: 38 Edges: 79
# FromNodeId	ToNodeId
105	35
105	133
105	191
105	233
35	19
35	108
35	133
35	137
35	191
137	198
198	84
198	87
198	105
198	133
198	170
198	200
191	108
191	146
191	164
191	198
164	133
133	80
133	84
133	198
133	205
133	207
133	229
84	19
84	89
84	133
84	233
19	87
19	112
87	3
87	35
87	57
87	133
87	188
3	108
3	133
108	198
108	233
207	105
89	168
89	174
89	191
146	35
233	86
233	89
174	3
174	35
174	142
174	187
187	105
142	0
142	31
142	35
0	2
0	107
107	0
2	142
31	36
36	35
112	125
125	87
57	3
57	165
165	233
86	174
170	191
200	87
188	57
229	133
205	84
168	174
80	142
80	150
150	34
34	80
