# Directed graph: generated_songs/generated_jazz_song_13.txt 
# Nodes: 47 Edges: 83
# FromNodeId	ToNodeId
105	191
105	198
198	84
198	87
198	105
198	133
198	200
87	37
87	102
37	108
108	35
108	115
108	133
35	34
35	108
35	133
35	170
35	187
35	200
187	84
84	111
84	142
84	170
84	225
111	25
25	31
31	35
31	108
115	102
102	178
102	188
178	142
142	0
142	3
142	31
142	34
142	35
133	164
133	194
133	198
133	233
200	84
225	52
225	181
52	142
3	133
3	211
211	175
175	142
34	57
34	181
34	225
181	170
170	3
170	154
170	162
154	9
154	28
9	28
28	108
28	143
28	154
143	36
36	35
0	79
79	40
40	35
164	19
19	113
113	15
15	152
152	35
162	133
233	89
89	90
90	191
191	80
80	57
80	142
57	34
57	154
194	198
188	84
