# Directed graph: generated_songs/generated_jazz_song_77.txt 
# Nodes: 43 Edges: 81
# FromNodeId	ToNodeId
105	89
105	133
105	191
133	198
133	207
133	233
198	84
198	87
198	133
198	142
198	213
84	3
84	35
84	154
84	168
84	172
35	61
35	108
35	133
35	187
187	84
108	198
108	205
205	105
89	191
191	3
191	80
191	108
191	220
3	80
3	107
3	133
80	142
80	150
142	3
142	31
142	35
142	80
142	154
154	9
154	28
154	57
154	142
9	28
28	18
28	154
57	34
57	105
57	152
152	35
61	55
55	43
43	88
88	35
150	57
220	31
31	133
31	142
213	133
172	3
107	0
107	191
0	107
168	52
168	191
52	168
207	87
87	188
87	198
233	95
95	192
192	130
130	198
18	188
188	57
188	170
34	181
181	170
170	3
170	174
174	187
