# Directed graph: generated_songs/generated_jazz_song_40.txt 
# Nodes: 48 Edges: 80
# FromNodeId	ToNodeId
105	133
133	198
133	200
133	207
198	75
198	84
198	88
198	89
198	106
198	133
198	170
198	174
84	35
84	133
84	176
84	181
84	225
35	34
35	111
35	133
200	84
75	31
31	80
31	166
31	191
191	31
191	80
191	172
80	146
80	150
150	31
166	174
174	84
174	168
174	224
174	233
225	45
45	140
45	170
140	185
185	191
172	14
14	133
233	89
89	129
89	174
89	191
89	230
230	5
5	108
108	84
111	112
112	233
146	35
207	87
87	110
110	133
170	3
170	154
154	19
19	198
88	35
34	57
57	3
3	129
3	133
176	84
181	59
59	209
209	195
195	133
224	45
129	3
129	133
129	134
129	198
106	233
168	52
52	170
134	133
