# Directed graph: generated_songs/generated_jazz_song_10.txt 
# Nodes: 45 Edges: 85
# FromNodeId	ToNodeId
105	98
105	172
105	233
233	89
89	168
89	191
191	188
188	57
188	62
188	69
57	188
62	153
153	154
154	28
154	133
154	142
142	3
142	35
142	129
142	150
35	80
35	108
35	137
35	170
80	142
80	150
150	31
150	35
31	151
151	84
84	35
84	88
84	108
84	133
84	142
84	154
84	163
84	174
84	181
84	233
163	133
133	12
133	84
133	120
133	198
133	207
198	84
198	105
198	133
198	194
194	84
174	168
174	186
168	52
168	124
168	174
186	84
108	128
108	133
108	137
98	3
3	108
3	129
3	133
3	186
129	198
181	208
208	84
28	188
69	154
207	84
52	80
52	168
124	225
225	52
120	198
170	3
88	35
137	198
128	108
12	107
107	0
0	3
172	14
14	133
