# Directed graph: generated_songs/generated_jazz_song_8.txt 
# Nodes: 34 Edges: 67
# FromNodeId	ToNodeId
105	80
105	121
105	233
80	150
150	31
31	133
133	170
133	198
133	207
198	25
198	35
198	84
198	105
198	163
198	170
198	172
84	0
84	35
84	89
84	142
84	163
84	168
84	174
84	198
35	34
35	108
35	133
35	233
207	84
121	133
163	133
163	198
108	115
108	133
108	237
115	108
237	35
34	225
225	45
225	52
52	168
168	84
168	133
170	3
170	133
170	154
3	129
3	133
129	84
174	221
221	84
142	35
233	89
89	3
89	178
89	191
89	233
191	133
191	221
191	225
178	108
25	35
154	142
45	168
0	107
0	142
107	0
