# Directed graph: generated_songs/generated_jazz_song_48.txt 
# Nodes: 44 Edges: 80
# FromNodeId	ToNodeId
105	191
105	225
191	80
191	133
191	188
191	233
80	57
80	150
150	31
31	80
31	151
31	169
57	19
57	89
57	170
89	102
89	174
174	142
142	0
142	3
142	31
0	79
0	107
107	0
79	35
35	108
35	133
133	87
133	198
198	84
198	102
198	105
198	106
198	133
106	87
87	35
87	84
87	181
84	3
84	57
84	87
84	163
84	178
163	84
163	133
163	170
163	198
170	3
170	163
170	164
164	115
115	108
108	191
108	193
193	57
19	112
112	233
233	86
233	97
86	191
97	89
102	69
102	99
99	154
154	133
154	142
3	129
3	133
3	187
181	84
129	134
134	133
188	69
69	154
225	52
52	150
178	142
169	31
151	84
187	84
