# Directed graph: generated_songs/generated_jazz_song_71.txt 
# Nodes: 45 Edges: 80
# FromNodeId	ToNodeId
105	35
105	80
105	121
105	133
105	191
121	133
133	35
133	84
133	123
133	129
133	198
123	224
224	47
224	188
47	45
45	79
45	168
79	40
40	164
164	133
35	108
35	168
35	170
35	224
170	35
170	133
188	133
198	84
198	87
198	89
198	105
198	170
198	172
198	201
89	57
89	191
57	84
84	39
84	154
84	163
84	174
84	198
84	230
163	110
110	108
108	133
108	198
108	200
108	237
172	3
172	14
3	108
3	133
129	198
191	80
80	142
80	143
80	150
142	35
87	133
150	35
168	52
168	84
52	172
14	133
143	3
143	35
154	28
28	143
200	84
230	213
213	133
174	84
39	111
111	112
112	207
207	105
237	225
225	45
201	84
