# Directed graph: generated_songs/generated_jazz_song_88.txt 
# Nodes: 43 Edges: 81
# FromNodeId	ToNodeId
105	3
105	116
105	133
105	191
191	57
191	172
191	220
191	221
57	87
57	105
57	154
87	37
87	57
87	121
87	181
154	15
154	133
154	142
15	188
188	62
62	153
153	164
164	19
19	133
133	105
133	168
133	170
133	198
133	205
133	207
198	31
198	84
198	105
198	133
198	170
198	224
31	224
31	225
225	45
45	170
45	173
173	185
185	87
181	87
181	170
170	3
170	12
170	14
170	80
170	150
170	162
150	57
3	133
162	133
207	87
207	170
14	133
80	142
142	31
142	154
224	45
224	191
84	35
84	133
84	142
84	174
205	84
205	181
121	133
116	170
12	133
37	233
233	93
93	191
172	3
221	84
174	93
220	84
35	108
108	133
168	3
