# Directed graph: generated_songs/generated_jazz_song_42.txt 
# Nodes: 41 Edges: 60
# FromNodeId	ToNodeId
105	89
105	110
89	191
191	57
191	188
57	165
165	153
153	164
164	22
22	125
125	94
94	158
158	191
188	54
54	3
3	108
3	133
108	133
108	200
133	168
133	170
133	198
170	3
170	31
170	35
170	163
31	15
31	225
15	152
152	213
213	42
42	108
200	133
198	84
198	105
198	133
198	170
198	172
198	233
84	35
84	174
84	178
35	14
35	133
172	14
14	129
14	133
174	224
224	45
45	168
168	31
168	84
178	170
163	133
110	133
225	50
50	170
129	198
233	227
227	177
