# Directed graph: generated_songs/generated_jazz_song_45.txt 
# Nodes: 44 Edges: 83
# FromNodeId	ToNodeId
105	35
105	80
105	90
105	102
105	191
105	198
191	108
191	142
108	133
108	233
133	150
133	198
133	200
133	205
133	207
198	84
198	105
198	142
198	204
84	5
84	31
84	35
84	133
84	163
84	168
84	233
163	129
129	142
142	35
142	40
142	80
142	172
142	178
178	34
178	37
178	142
80	142
80	170
170	102
170	154
170	187
187	101
101	37
37	108
37	172
233	89
89	174
89	191
89	225
172	14
14	133
14	135
135	207
207	84
5	133
31	133
31	178
150	31
35	108
35	111
35	133
204	105
40	164
164	22
22	84
168	174
174	221
174	233
221	84
225	52
52	170
102	181
102	189
189	57
57	105
57	170
181	133
90	178
34	57
154	133
200	105
205	84
111	198
