# Directed graph: generated_songs/generated_jazz_song_9.txt 
# Nodes: 41 Edges: 76
# FromNodeId	ToNodeId
105	80
105	89
105	164
105	181
105	191
105	233
191	105
191	176
176	133
133	5
133	84
133	170
133	186
133	188
133	198
133	207
198	84
198	105
89	90
89	174
89	191
174	3
174	31
174	142
174	198
84	5
84	35
84	89
84	111
84	133
84	154
84	163
84	168
35	30
35	133
80	142
80	150
142	3
142	31
3	129
3	133
164	19
19	105
233	89
90	174
31	80
31	142
31	224
224	45
45	170
170	108
170	162
108	154
154	15
154	28
28	133
168	34
34	225
225	80
150	31
150	35
30	133
207	105
181	208
208	84
5	111
111	162
111	205
205	84
163	133
162	133
186	84
129	174
15	84
188	135
135	198
