# Directed graph: generated_songs/generated_jazz_song_39.txt 
# Nodes: 45 Edges: 82
# FromNodeId	ToNodeId
105	35
105	54
105	121
105	191
105	198
121	198
198	75
198	84
198	89
198	105
198	142
198	200
198	231
191	80
191	188
80	150
150	31
31	35
31	151
31	170
31	224
35	111
35	133
35	137
111	199
199	198
133	84
133	142
133	188
133	198
200	142
142	3
142	31
224	45
45	26
45	140
140	45
26	115
115	108
108	133
108	198
75	31
151	84
84	168
84	174
84	198
84	221
168	34
168	133
34	35
137	198
54	3
3	108
3	133
221	198
170	3
170	14
170	163
170	174
174	168
174	170
174	187
188	57
188	60
188	170
57	3
57	165
165	12
12	133
187	84
231	89
89	102
89	191
60	170
14	19
14	133
19	125
125	94
94	188
102	188
163	131
131	14
