# Directed graph: generated_songs/generated_jazz_song_24.txt 
# Nodes: 57 Edges: 89
# FromNodeId	ToNodeId
105	35
105	54
105	191
35	108
35	111
35	133
108	115
108	170
108	198
170	10
170	34
170	35
170	154
34	35
133	84
133	157
133	164
133	198
133	200
198	84
198	89
198	133
198	201
84	89
84	142
84	154
84	168
84	174
84	181
168	172
172	14
14	112
14	133
112	207
207	105
54	165
165	102
165	153
153	28
28	143
28	154
154	19
154	28
154	69
154	133
89	133
89	187
200	84
69	154
143	191
191	220
191	225
225	188
188	57
188	84
57	3
3	108
115	108
174	45
45	79
79	148
148	35
157	18
18	15
18	23
23	18
15	188
187	105
220	170
111	205
205	123
123	224
224	180
180	170
19	133
19	154
201	84
142	0
0	107
0	209
107	0
209	193
193	31
31	61
61	165
102	230
230	172
164	19
181	170
