# Directed graph: generated_songs/generated_jazz_song_11.txt 
# Nodes: 41 Edges: 80
# FromNodeId	ToNodeId
105	35
105	87
105	191
191	45
191	133
45	198
45	233
198	25
198	84
198	87
198	89
198	133
198	208
84	11
84	19
84	45
84	133
84	152
84	163
84	172
84	198
152	198
152	213
213	178
178	34
34	168
168	133
133	84
133	123
133	135
133	198
133	200
133	205
133	207
200	37
200	105
35	89
89	129
89	133
89	188
89	191
129	47
129	198
87	89
87	133
87	176
188	57
57	172
172	4
172	14
14	133
25	111
25	233
233	89
233	95
95	176
176	61
176	87
61	165
165	152
205	25
205	87
135	207
207	84
207	105
207	170
19	84
19	112
170	163
163	108
163	129
163	133
108	133
47	45
4	133
208	84
112	84
111	133
37	108
11	133
