# Directed graph: generated_songs/generated_jazz_song_58.txt 
# Nodes: 49 Edges: 85
# FromNodeId	ToNodeId
105	35
105	54
105	80
105	102
105	133
105	178
105	181
54	170
170	3
170	14
170	102
170	154
14	40
14	133
40	172
172	14
133	118
133	198
198	75
198	87
198	89
198	101
198	105
198	191
35	34
35	108
35	133
108	198
191	72
191	105
102	37
102	178
102	188
178	84
178	88
178	142
84	163
84	168
163	105
87	133
87	142
87	198
80	142
80	150
150	34
150	35
89	174
89	191
174	187
187	207
207	178
88	35
101	188
188	57
57	152
57	153
152	102
37	112
112	84
168	3
3	129
3	133
72	7
7	132
132	144
144	32
32	218
218	48
48	170
129	133
118	87
142	3
142	31
142	150
142	154
31	170
154	133
154	142
34	35
34	108
75	31
153	130
130	205
205	105
181	80
