# Directed graph: generated_songs/generated_jazz_song_2.txt 
# Nodes: 46 Edges: 85
# FromNodeId	ToNodeId
105	35
105	89
105	108
105	133
105	213
89	57
89	178
89	186
89	191
57	58
57	165
165	153
153	108
108	133
108	142
108	191
133	84
133	123
133	198
133	207
198	87
198	89
198	105
198	133
198	170
198	205
213	133
213	191
207	84
84	22
84	89
84	163
84	174
84	186
84	198
191	3
191	57
191	150
191	172
191	225
225	45
225	52
52	142
142	31
142	35
142	79
142	105
31	142
31	169
169	124
124	225
45	173
173	141
141	133
163	105
35	68
35	133
35	233
22	235
235	216
216	191
58	3
3	108
3	129
3	133
3	198
3	211
205	84
174	168
168	3
170	3
123	213
150	31
233	89
172	14
14	133
186	84
129	198
87	105
79	142
68	89
178	188
188	170
211	175
175	142
