# Directed graph: generated_songs/generated_jazz_song_30.txt 
# Nodes: 45 Edges: 84
# FromNodeId	ToNodeId
105	3
105	87
105	89
105	225
87	188
188	61
188	170
61	108
61	170
108	110
108	115
108	133
108	198
108	205
115	108
205	87
170	3
170	31
170	163
31	35
31	45
31	133
31	142
45	168
168	52
168	133
52	142
52	173
173	41
41	69
69	154
154	18
154	142
142	3
142	31
142	154
133	84
133	193
133	198
133	200
133	207
200	22
200	99
22	133
198	84
198	105
198	133
198	143
198	170
198	172
172	3
172	14
14	108
143	35
35	61
35	133
3	107
3	108
3	133
99	233
233	89
233	191
89	174
89	191
89	233
174	168
84	3
84	31
84	198
84	233
225	52
110	198
207	105
191	35
191	172
163	198
193	57
57	164
164	19
19	133
107	0
0	142
18	15
15	157
