# Directed graph: generated_songs/generated_jazz_song_90.txt 
# Nodes: 40 Edges: 79
# FromNodeId	ToNodeId
105	133
105	143
105	157
105	172
133	84
133	150
133	198
133	207
198	84
198	87
198	111
198	129
198	137
198	170
198	201
111	117
117	84
84	3
84	79
84	94
84	142
84	163
84	168
84	176
84	187
84	198
163	133
207	84
207	87
207	105
172	14
14	133
157	133
187	84
187	207
87	35
87	121
121	133
35	31
35	108
35	133
201	84
94	188
188	61
61	55
61	170
170	3
170	14
3	108
3	129
3	133
108	133
143	39
39	133
176	35
150	31
150	40
31	61
31	142
31	168
168	174
168	198
174	133
174	202
137	198
129	3
129	142
142	0
142	31
142	35
142	174
0	79
79	142
79	148
148	150
40	35
55	43
43	88
88	35
