# Directed graph: generated_songs/generated_jazz_song_91.txt 
# Nodes: 42 Edges: 79
# FromNodeId	ToNodeId
105	84
105	133
133	198
133	205
133	207
198	22
198	84
198	87
198	105
198	137
198	143
198	170
198	205
170	3
170	14
170	133
170	162
162	133
22	84
84	3
84	35
84	89
84	121
84	163
84	168
84	181
84	186
84	198
84	233
181	170
3	129
3	133
129	57
129	163
129	198
163	129
163	133
57	154
57	170
154	133
143	12
12	133
186	84
186	198
87	133
205	84
205	123
123	217
123	224
224	191
191	80
191	176
176	84
35	31
35	111
35	133
31	129
31	170
14	133
217	82
82	69
69	157
157	18
18	188
188	57
188	61
121	133
207	84
168	84
89	174
89	188
89	191
80	150
150	31
111	186
174	168
233	89
61	84
137	198
