# Directed graph: generated_songs/generated_jazz_song_1.txt 
# Nodes: 38 Edges: 73
# FromNodeId	ToNodeId
105	35
105	79
105	80
105	87
80	142
80	150
150	3
150	31
150	34
150	35
31	224
31	225
225	181
181	80
35	19
35	79
35	133
133	198
133	205
133	207
198	84
198	105
198	133
84	5
84	35
84	80
84	89
84	163
84	174
84	198
84	233
163	133
207	84
207	87
207	105
3	129
3	133
129	3
129	80
129	84
129	240
240	207
79	142
142	0
142	30
142	31
142	35
142	154
142	178
154	142
87	35
87	133
174	186
174	187
187	84
186	84
89	129
89	172
172	3
178	142
224	35
19	108
108	133
34	131
131	135
135	194
194	84
233	191
191	80
0	79
30	133
205	84
5	133
