# Directed graph: generated_songs/generated_jazz_song_22.txt 
# Nodes: 40 Edges: 81
# FromNodeId	ToNodeId
105	35
105	102
105	110
105	178
110	133
133	84
133	105
133	198
133	205
133	207
133	233
84	3
84	31
84	35
84	80
84	89
84	121
84	163
84	198
198	31
198	84
198	89
198	105
198	133
178	89
178	142
89	129
89	174
89	178
89	191
89	230
174	221
221	198
163	84
35	34
35	84
35	133
35	170
170	14
170	89
170	188
188	54
54	31
31	33
31	36
31	45
31	80
31	121
31	142
31	191
45	170
14	133
80	142
80	150
150	31
191	3
191	111
191	225
111	198
3	52
3	133
52	168
52	191
233	89
225	52
168	3
142	31
142	35
33	34
34	57
34	131
131	142
121	133
36	35
129	14
207	105
57	170
230	172
172	3
205	84
102	189
