# Directed graph: generated_songs/generated_jazz_song_93.txt 
# Nodes: 40 Edges: 70
# FromNodeId	ToNodeId
105	35
105	54
105	121
54	5
54	165
5	3
3	111
111	27
111	133
27	117
117	84
117	106
84	31
84	35
84	105
84	133
84	176
84	191
84	198
198	84
198	89
198	101
198	102
198	105
198	133
198	170
176	84
133	87
133	198
133	207
87	84
35	14
35	26
35	31
35	108
35	111
35	133
31	36
31	135
135	198
36	35
108	154
108	198
154	19
154	133
89	191
191	80
191	135
191	172
172	14
14	133
102	178
178	188
188	57
57	154
19	84
19	125
207	117
106	154
121	133
26	229
229	133
165	164
164	19
125	135
80	142
142	35
101	37
37	108
170	14
