# Directed graph: generated_songs/generated_rock_song_39.txt 
# Nodes: 34 Edges: 71
# FromNodeId	ToNodeId
44	13
44	27
44	30
44	53
44	57
44	61
44	70
44	101
44	103
44	114
44	131
101	0
101	13
101	44
101	95
101	114
13	17
13	44
13	76
13	95
13	96
13	101
13	112
13	114
114	13
114	44
114	70
114	78
114	101
78	0
78	13
0	55
0	76
76	13
76	24
76	55
24	76
95	39
95	44
95	101
27	37
27	50
37	81
81	27
81	91
81	101
50	5
5	81
5	121
91	51
51	5
70	44
70	95
39	114
96	49
49	44
53	102
102	17
17	57
17	58
58	44
30	101
61	5
121	43
43	39
55	13
112	44
57	101
57	117
117	44
131	101
