# Directed graph: generated_songs/generated_jazz_song_75.txt 
# Nodes: 36 Edges: 76
# FromNodeId	ToNodeId
105	35
105	89
105	191
105	198
105	225
35	108
35	133
35	225
108	133
108	198
108	234
198	84
198	87
198	105
198	142
198	172
198	201
87	108
87	181
133	35
133	170
133	198
133	207
84	3
84	31
84	35
84	87
84	121
84	133
84	168
84	170
84	198
3	108
3	111
3	129
3	133
111	133
111	200
200	84
31	33
31	35
201	105
170	14
170	154
170	176
176	61
61	84
168	84
168	133
207	84
207	170
207	178
14	108
14	133
225	45
225	52
45	170
154	19
19	84
181	111
121	133
89	3
89	57
57	34
34	3
34	131
129	198
52	168
178	84
172	3
191	3
234	89
142	31
142	35
33	34
131	142
