# Directed graph: generated_songs/generated_jazz_song_49.txt 
# Nodes: 46 Edges: 82
# FromNodeId	ToNodeId
105	80
105	121
105	133
105	191
80	142
80	150
142	178
178	0
178	99
99	178
0	107
107	35
35	108
35	133
35	137
133	84
133	111
133	116
133	164
133	198
133	205
133	207
198	80
198	84
198	105
198	133
198	135
198	170
198	201
198	229
229	133
84	35
84	89
84	133
84	168
84	172
84	174
137	198
89	174
89	188
174	87
174	233
87	176
87	201
201	84
108	133
207	87
207	105
121	133
205	84
205	208
168	3
3	111
3	133
116	233
233	89
188	57
188	102
102	198
170	3
170	31
170	35
31	15
15	133
111	55
111	133
55	69
69	154
154	133
164	170
176	133
191	133
135	207
172	14
172	61
61	6
6	22
22	205
208	84
57	84
14	133
150	35
