# Directed graph: generated_songs/generated_jazz_song_3.txt 
# Nodes: 39 Edges: 70
# FromNodeId	ToNodeId
105	54
105	80
105	121
105	170
105	178
105	213
80	142
80	170
142	0
142	31
142	35
142	154
31	108
31	121
108	110
108	133
108	198
110	108
198	84
198	87
198	89
198	105
198	133
198	142
198	229
84	87
84	133
84	142
84	198
84	225
121	133
133	198
35	108
35	129
35	133
54	31
178	89
89	57
89	90
57	170
170	3
170	5
170	35
170	163
213	214
214	51
51	61
61	170
5	133
229	133
87	35
129	47
47	45
45	168
168	52
52	80
52	143
52	172
172	3
3	52
3	133
143	3
90	191
191	80
154	28
28	18
18	133
225	80
0	3
163	84
