# Directed graph: generated_songs/generated_jazz_song_67.txt 
# Nodes: 51 Edges: 86
# FromNodeId	ToNodeId
105	35
105	45
105	89
105	225
225	52
225	79
225	144
79	40
40	80
80	31
31	13
31	36
31	108
31	169
31	170
108	133
133	57
133	61
133	108
133	163
133	188
133	198
133	207
198	84
198	105
198	200
200	37
200	99
37	108
57	89
57	105
57	165
52	168
52	170
168	52
168	133
170	5
170	31
170	154
5	129
129	31
36	35
35	102
35	133
35	137
35	225
137	198
99	154
154	18
154	133
154	142
142	31
169	31
13	137
102	178
178	55
55	43
43	88
88	35
207	105
89	191
191	57
191	176
191	233
233	89
176	84
84	35
84	154
84	164
84	174
84	176
174	84
45	168
144	32
32	218
218	48
48	170
18	188
188	57
188	69
69	154
163	133
165	133
61	14
14	139
139	133
