# Directed graph: generated_songs/generated_jazz_song_78.txt 
# Nodes: 40 Edges: 69
# FromNodeId	ToNodeId
105	87
105	121
105	133
105	135
105	176
105	191
191	45
191	80
191	84
45	79
79	142
142	31
142	35
31	33
31	36
31	131
31	224
33	34
34	225
225	45
35	108
35	112
35	133
133	57
133	115
133	146
133	198
198	84
198	89
198	105
198	170
198	172
198	208
172	14
14	133
84	19
84	31
84	121
84	142
84	165
84	198
84	221
224	173
173	133
57	89
89	191
80	150
150	31
150	81
81	142
131	142
208	84
121	133
19	133
36	35
112	207
112	237
207	105
135	207
146	35
108	133
87	105
176	133
221	84
115	89
165	152
152	35
237	198
170	176
