# Directed graph: generated_songs/generated_jazz_song_33.txt 
# Nodes: 43 Edges: 81
# FromNodeId	ToNodeId
105	80
105	133
105	172
105	181
133	84
133	115
133	121
133	135
133	170
133	194
133	198
133	205
133	207
170	13
170	35
170	89
89	174
89	225
174	186
174	221
221	106
106	80
80	142
80	150
150	35
35	108
35	133
35	197
35	233
108	133
108	154
108	198
108	237
205	198
198	35
198	84
198	87
198	88
198	105
198	133
198	201
84	3
84	35
84	89
84	121
84	133
84	163
84	168
84	172
225	185
185	170
13	137
137	198
181	59
181	150
135	207
207	105
207	133
142	35
233	89
186	84
121	133
237	105
237	198
88	35
197	108
201	84
163	110
110	133
3	108
154	133
87	181
59	209
209	193
193	237
172	14
14	133
168	52
52	170
115	105
194	198
