# Directed graph: generated_songs/generated_jazz_song_36.txt 
# Nodes: 43 Edges: 86
# FromNodeId	ToNodeId
105	35
105	133
105	170
133	84
133	188
133	198
133	202
133	205
133	233
198	75
198	84
198	87
198	105
198	106
198	129
198	133
198	135
198	170
198	201
198	208
84	11
84	80
84	89
84	105
84	133
84	154
84	168
84	172
84	187
80	142
80	170
170	5
170	14
170	31
170	176
176	57
176	84
176	198
57	84
187	84
187	198
89	174
89	176
174	187
154	102
102	178
178	72
72	80
142	3
142	31
3	108
108	133
108	233
208	84
168	133
201	84
87	164
87	188
188	61
188	170
31	80
31	108
31	133
233	89
233	91
233	95
11	133
14	129
14	133
202	84
35	137
137	198
106	233
91	191
191	133
135	198
172	14
129	31
129	198
61	12
12	133
164	133
95	176
75	31
205	133
5	133
