# Directed graph: generated_songs/generated_jazz_song_35.txt 
# Nodes: 47 Edges: 85
# FromNodeId	ToNodeId
105	79
105	89
105	125
105	133
105	172
105	191
125	105
191	3
191	57
191	188
191	233
233	89
233	191
89	174
89	191
89	213
174	191
188	57
57	105
57	164
164	19
19	113
19	133
19	198
133	115
133	194
133	196
133	198
133	200
133	205
133	207
200	142
142	31
142	35
142	40
142	80
35	108
35	112
35	133
35	233
112	207
207	105
79	142
80	142
80	150
150	31
31	181
31	193
181	80
198	84
198	88
198	105
198	133
198	170
194	84
84	3
84	19
84	35
84	126
84	163
172	3
3	133
88	35
108	113
108	133
170	154
154	28
28	133
205	84
115	108
113	123
113	164
123	217
123	219
217	82
82	128
128	123
219	52
52	142
40	79
193	84
126	88
163	133
196	89
213	224
