# Directed graph: generated_songs/generated_jazz_song_29.txt 
# Nodes: 41 Edges: 76
# FromNodeId	ToNodeId
105	45
105	87
105	90
105	135
135	87
87	19
87	102
87	181
87	198
198	84
198	87
198	105
198	133
198	170
102	99
102	178
99	102
178	84
178	142
84	3
84	31
84	35
84	55
84	163
84	174
84	198
90	108
108	84
108	133
108	178
108	198
108	233
19	133
133	163
133	198
181	170
170	10
170	35
170	150
170	165
35	108
35	111
35	233
111	133
111	186
163	129
163	131
163	133
163	170
45	168
168	3
3	108
233	89
233	95
89	192
192	130
130	198
174	84
10	111
150	35
142	35
95	176
176	198
55	64
64	57
57	188
188	133
131	31
31	84
31	108
31	170
165	153
153	108
129	80
80	150
186	198
