# Directed graph: generated_songs/generated_jazz_song_23.txt 
# Nodes: 48 Edges: 89
# FromNodeId	ToNodeId
105	35
105	121
105	125
105	133
105	172
172	3
172	4
4	133
133	105
133	150
133	198
133	207
125	105
121	129
121	133
129	198
198	84
198	87
198	89
198	105
198	133
198	142
198	172
198	185
198	200
84	3
84	89
84	133
84	142
84	221
84	233
142	3
142	35
35	26
35	133
150	31
31	121
31	169
169	124
124	225
225	144
144	39
144	57
39	111
111	200
200	99
200	105
200	133
207	84
3	108
3	133
3	224
108	198
108	237
237	198
99	37
37	108
26	123
123	87
87	133
87	198
89	57
89	174
89	186
89	191
186	84
221	89
191	80
80	144
57	35
57	165
165	164
165	167
164	115
115	108
185	224
224	45
224	47
45	84
45	170
170	31
170	165
170	176
176	170
167	188
188	170
233	89
174	84
47	45
