# Directed graph: generated_songs/generated_jazz_song_86.txt 
# Nodes: 40 Edges: 83
# FromNodeId	ToNodeId
105	35
105	84
105	108
105	121
105	170
105	191
105	198
105	225
225	45
45	170
45	173
170	14
170	35
170	89
35	108
35	133
35	187
187	87
87	3
87	105
87	133
133	12
133	105
133	198
133	205
133	207
198	84
198	87
198	105
198	133
198	142
84	22
84	35
84	80
84	121
84	129
84	133
84	172
84	186
84	198
172	14
14	133
205	84
205	105
205	181
181	170
181	208
208	84
108	198
186	84
121	129
121	133
142	3
142	31
142	35
191	80
191	111
111	142
31	149
31	151
31	191
149	31
151	84
80	142
80	150
150	31
3	52
3	133
3	135
135	198
89	168
168	3
52	181
22	205
129	57
129	133
12	133
207	105
57	34
34	45
173	164
164	19
19	87
