# Directed graph: generated_songs/generated_jazz_song_98.txt 
# Nodes: 40 Edges: 83
# FromNodeId	ToNodeId
105	80
105	87
105	170
87	3
87	37
87	133
87	181
181	35
181	52
181	102
181	208
102	80
102	181
80	142
80	150
80	170
142	3
142	31
142	35
3	72
3	108
3	129
3	133
3	186
186	84
84	14
84	20
84	89
84	142
84	154
84	205
89	45
89	168
89	178
89	181
89	233
233	89
168	84
31	108
31	133
31	178
31	187
178	34
178	84
205	84
154	15
15	23
23	18
18	188
188	57
57	165
165	102
35	108
35	133
108	133
108	170
108	198
108	233
52	181
208	84
14	133
133	3
133	170
133	198
198	84
198	87
198	89
198	105
198	143
45	105
150	31
34	80
170	3
170	14
170	35
129	80
129	163
37	31
187	87
163	133
72	80
20	198
143	3
