# Directed graph: generated_songs/generated_rock_song_29.txt 
# Nodes: 39 Edges: 82
# FromNodeId	ToNodeId
44	13
44	27
44	55
44	72
44	103
44	111
44	114
44	117
44	138
117	44
114	0
114	44
114	55
114	74
27	5
27	44
27	50
27	81
27	132
81	27
81	44
81	50
81	91
81	109
74	55
55	0
55	95
55	101
95	72
72	101
72	117
101	27
101	44
101	70
0	24
0	67
0	127
67	24
67	76
24	61
24	67
24	76
61	5
61	11
61	121
11	88
88	61
5	27
5	33
5	81
5	108
33	5
33	121
121	5
121	99
99	24
76	13
76	24
76	101
132	66
66	70
70	44
70	114
138	105
105	13
105	108
108	44
13	70
13	96
13	114
91	51
51	5
109	5
103	44
111	114
127	39
39	114
50	5
50	27
96	49
49	20
20	105
