# Directed graph: generated_songs/generated_jazz_song_87.txt 
# Nodes: 51 Edges: 87
# FromNodeId	ToNodeId
105	79
105	89
105	225
79	142
142	31
142	34
142	154
142	191
34	111
34	172
111	133
111	186
133	102
133	168
133	198
168	31
168	133
198	75
198	84
198	89
198	105
198	143
198	233
225	45
225	52
225	188
45	26
45	168
45	237
26	119
119	212
212	209
209	193
193	57
57	3
57	34
57	105
57	170
172	3
3	133
102	188
188	57
188	135
89	45
89	174
89	178
89	181
89	191
31	36
31	142
31	225
135	174
174	186
186	84
186	115
115	103
115	108
108	222
222	45
237	198
75	31
191	57
191	176
170	14
170	89
170	163
178	170
163	133
233	89
84	3
84	35
84	57
35	133
35	225
52	173
173	185
185	170
14	133
176	184
184	79
36	35
181	111
103	182
182	72
72	80
80	142
154	133
