# Directed graph: generated_songs/generated_jazz_song_7.txt 
# Nodes: 45 Edges: 82
# FromNodeId	ToNodeId
105	35
105	79
105	102
105	135
105	181
105	191
102	178
178	34
178	77
178	99
178	188
34	35
34	108
108	198
198	84
198	87
198	105
198	163
198	200
198	201
79	142
142	31
142	35
142	154
142	178
31	131
31	142
131	142
154	142
35	34
35	61
35	108
35	112
35	133
112	207
207	87
87	56
87	105
87	178
87	233
77	142
99	178
99	188
188	135
188	170
135	99
135	198
84	35
84	105
84	153
84	170
84	174
84	181
181	80
181	87
133	105
133	198
133	207
233	89
89	172
172	14
14	133
153	234
234	95
95	176
176	198
170	14
170	133
191	221
221	198
56	44
44	88
88	35
61	35
163	133
201	84
174	224
224	45
45	198
200	84
80	150
150	35
