# Directed graph: generated_songs/generated_jazz_song_100.txt 
# Nodes: 47 Edges: 82
# FromNodeId	ToNodeId
105	3
105	121
105	225
3	108
3	197
108	84
108	115
108	133
108	198
108	234
108	237
237	25
25	35
35	108
35	111
35	133
133	186
133	198
198	31
198	80
198	84
198	87
84	3
84	31
84	108
84	121
84	142
84	163
84	172
84	174
84	191
84	198
172	14
14	133
186	84
31	36
31	80
31	133
31	142
80	142
80	150
142	31
142	35
142	115
174	15
15	23
15	84
23	15
163	84
36	35
111	27
27	117
117	84
121	133
121	198
197	35
191	225
225	52
225	185
185	105
52	150
150	31
150	40
40	108
87	55
87	108
55	64
64	57
57	105
115	103
115	224
103	182
182	69
69	154
154	142
224	180
180	148
148	150
234	89
89	188
89	233
233	89
