# Directed graph: generated_songs/generated_jazz_song_66.txt 
# Nodes: 37 Edges: 81
# FromNodeId	ToNodeId
105	35
105	121
105	133
35	80
35	84
35	89
35	111
35	133
84	35
84	89
84	133
84	163
84	168
84	176
84	198
89	57
89	108
89	176
108	133
108	198
198	84
198	87
198	102
198	105
198	133
198	170
198	172
198	233
121	198
170	3
170	14
170	31
170	35
170	178
3	108
3	133
133	84
133	129
133	170
133	198
133	205
176	84
176	188
176	221
111	133
111	170
31	36
31	142
36	35
80	142
80	150
142	3
142	172
87	35
87	102
172	3
172	14
168	230
230	108
233	89
57	35
57	165
165	102
102	179
102	188
102	189
189	198
188	57
188	61
129	135
135	198
221	84
163	133
179	72
72	80
150	31
14	108
14	133
205	84
61	170
178	170
