# Directed graph: generated_songs/generated_jazz_song_25.txt 
# Nodes: 37 Edges: 71
# FromNodeId	ToNodeId
105	80
105	133
105	191
133	31
133	121
133	170
133	193
133	198
133	202
133	205
133	207
202	84
84	3
84	35
84	89
84	121
84	133
84	163
84	168
84	174
84	205
205	84
205	117
117	88
88	35
35	84
35	108
35	133
35	168
35	170
168	3
3	108
3	133
108	133
108	170
170	3
170	35
170	154
170	163
170	164
164	19
19	133
198	75
198	84
198	129
198	133
198	170
163	84
163	133
121	133
89	230
230	5
5	111
111	200
200	105
191	57
57	87
87	133
75	31
31	170
31	225
225	45
45	170
207	105
80	150
150	35
174	221
221	84
193	133
129	198
154	133
