# Directed graph: generated_songs/generated_jazz_song_44.txt 
# Nodes: 49 Edges: 87
# FromNodeId	ToNodeId
105	121
105	135
105	178
105	191
105	233
135	198
135	207
207	105
207	106
207	225
178	84
178	170
84	19
84	142
84	181
84	198
198	31
198	84
198	102
198	105
31	15
31	35
31	45
31	80
31	224
15	133
133	87
133	125
133	170
133	198
133	200
133	205
133	207
45	79
45	140
45	168
140	185
185	224
224	45
168	3
3	133
3	170
3	187
3	188
205	133
142	31
142	35
79	142
79	191
35	133
35	233
106	3
102	37
37	172
172	3
170	3
170	133
170	154
170	188
188	57
57	3
57	34
57	58
200	105
121	133
87	35
233	89
89	176
89	178
176	184
184	79
191	57
191	170
34	31
80	150
150	31
225	144
144	39
39	111
111	200
154	133
125	135
19	133
58	3
187	84
181	59
59	209
