# Directed graph: generated_songs/generated_jazz_song_84.txt 
# Nodes: 41 Edges: 80
# FromNodeId	ToNodeId
105	35
105	133
105	191
35	133
35	137
35	157
35	233
233	35
233	89
89	178
89	191
178	72
178	77
77	142
142	80
142	172
80	170
170	3
170	35
3	108
3	111
3	133
111	25
25	233
191	135
191	188
135	200
135	207
200	84
200	105
84	19
84	35
84	108
84	142
84	163
84	198
84	233
163	133
163	170
108	133
108	198
133	35
133	57
133	84
133	198
133	200
133	205
133	207
198	84
198	105
198	106
198	133
198	200
198	229
106	87
87	37
87	133
19	135
19	198
229	198
205	25
137	198
207	84
172	61
61	55
55	69
69	154
154	19
72	80
157	159
159	18
18	23
23	15
23	18
15	188
188	57
188	84
57	3
57	87
57	188
