# Directed graph: generated_songs/generated_jazz_song_43.txt 
# Nodes: 45 Edges: 87
# FromNodeId	ToNodeId
105	89
105	121
105	178
121	133
133	80
133	115
133	198
133	205
133	233
233	89
233	221
221	84
84	11
84	31
84	35
84	39
84	87
84	187
84	205
84	233
11	133
198	84
198	87
198	105
198	133
198	200
87	35
87	178
87	198
89	3
89	90
89	102
89	191
89	213
191	80
191	225
225	45
45	142
142	34
142	154
34	12
12	133
35	108
35	133
35	233
108	105
108	137
108	157
108	198
108	233
178	84
178	170
178	198
170	14
14	40
14	108
40	172
172	14
39	133
80	142
80	149
80	150
154	133
205	84
205	198
205	207
90	191
149	31
31	15
31	35
31	80
15	152
152	102
102	178
102	230
230	89
3	133
115	108
137	198
200	37
37	108
213	198
150	31
157	18
18	133
207	87
187	198
