# Directed graph: generated_songs/random_generated_jazz_song_7.txt 
# Nodes: 45 Edges: 88
# FromNodeId	ToNodeId
105	108
105	164
105	191
105	198
164	19
19	133
19	135
135	200
200	84
200	99
84	31
84	80
84	163
31	80
31	111
31	133
31	142
133	84
133	198
133	204
133	207
207	87
87	35
87	133
35	34
35	89
35	108
35	233
233	89
233	93
93	91
91	176
176	198
198	89
198	105
198	133
198	163
198	170
198	200
198	231
163	84
163	129
80	142
80	146
80	150
80	170
146	35
89	57
89	140
89	172
89	178
89	191
140	45
45	180
180	170
170	31
170	35
170	154
154	19
154	57
154	142
57	87
57	89
191	150
191	165
150	35
108	115
108	154
108	198
108	233
172	14
14	133
231	89
178	105
178	108
178	170
204	106
106	80
34	131
131	31
142	31
142	178
99	178
111	133
165	28
28	108
115	105
129	220
