# Directed graph: generated_songs/random_generated_rock_song_16.txt 
# Nodes: 30 Edges: 69
# FromNodeId	ToNodeId
44	13
44	27
44	30
44	55
44	101
44	114
44	138
114	13
114	44
114	45
114	55
114	101
114	110
101	0
101	13
101	27
101	33
101	44
101	57
101	114
13	27
13	44
13	70
13	101
13	114
55	0
55	13
27	0
27	44
0	24
0	67
0	76
0	81
0	127
76	13
76	24
24	0
24	67
24	76
67	24
67	76
127	106
106	0
110	44
70	44
70	101
33	5
33	61
33	121
5	33
5	121
61	5
61	11
61	121
121	5
121	61
121	88
88	24
88	61
11	88
138	58
58	17
17	70
81	108
108	44
30	101
57	101
45	25
25	28
