# Directed graph: generated_songs/random_generated_jazz_song_90.txt 
# Nodes: 42 Edges: 73
# FromNodeId	ToNodeId
105	79
105	89
105	191
105	233
79	142
142	3
142	39
39	133
133	198
133	200
133	205
133	207
198	84
198	105
198	170
198	172
198	178
198	201
172	3
172	14
14	133
233	89
89	90
89	178
178	37
178	133
178	142
37	108
108	133
108	188
108	198
191	186
186	198
3	108
3	133
84	3
84	31
84	163
84	198
84	233
90	108
200	133
207	84
201	84
163	133
205	87
87	35
87	181
87	225
35	108
170	3
170	154
170	176
170	187
187	84
31	225
225	52
52	168
52	172
168	171
171	170
188	57
57	19
57	34
34	133
154	28
28	18
28	135
18	188
19	154
135	198
176	87
181	87
