# Directed graph: generated_songs/random_generated_jazz_song_65.txt 
# Nodes: 47 Edges: 85
# FromNodeId	ToNodeId
105	35
105	157
105	164
105	178
35	108
35	111
108	105
108	133
108	142
108	172
108	198
198	84
198	87
198	129
198	133
198	208
84	35
84	57
84	89
84	105
84	133
84	168
84	170
84	176
84	181
168	84
168	230
230	172
172	3
172	14
14	133
133	61
133	108
133	198
133	205
111	35
61	55
55	69
69	154
154	28
28	18
28	108
142	3
142	31
31	80
31	170
31	193
170	31
170	162
162	133
205	84
176	198
181	52
181	87
87	133
87	233
233	89
89	90
89	186
90	108
3	108
3	129
164	19
19	113
113	105
178	84
178	99
99	154
18	15
18	23
23	18
15	188
188	57
57	165
57	178
52	150
150	31
80	142
129	186
129	198
208	84
193	57
165	133
157	133
186	84
