# Directed graph: generated_songs/random_generated_jazz_song_30.txt 
# Nodes: 44 Edges: 78
# FromNodeId	ToNodeId
105	35
105	133
105	225
105	233
35	3
35	108
35	111
35	133
35	197
133	3
133	198
133	200
133	205
198	84
198	87
198	105
198	133
198	170
198	172
84	31
84	35
84	79
84	108
84	133
84	142
84	168
84	221
84	233
31	80
31	133
31	142
80	150
150	31
150	35
108	154
108	198
108	205
79	98
98	174
174	84
174	186
174	233
233	89
89	174
89	176
89	191
168	35
111	133
3	133
205	84
142	31
142	35
200	84
191	105
225	185
185	87
87	37
87	186
37	112
112	237
237	45
45	80
197	108
170	3
221	239
239	105
176	188
188	61
61	6
6	22
22	133
172	14
14	131
131	142
186	84
154	28
28	135
135	174
