# Directed graph: generated_songs/random_generated_jazz_song_92.txt 
# Nodes: 52 Edges: 91
# FromNodeId	ToNodeId
105	133
105	191
105	233
133	84
133	116
133	168
133	198
133	202
133	205
133	224
198	35
198	84
198	105
198	170
84	3
84	11
84	35
84	89
84	108
84	133
84	172
84	181
35	17
35	108
35	133
35	170
108	84
108	111
108	115
108	133
108	198
108	215
111	205
205	25
205	213
25	232
232	198
116	170
170	14
170	35
170	163
163	133
224	45
45	26
45	88
26	233
233	89
233	93
89	191
191	31
191	165
191	176
191	221
165	28
28	154
154	18
18	23
23	18
23	113
113	105
93	117
117	106
106	87
87	108
115	108
181	133
11	133
202	84
31	198
3	108
3	129
129	80
129	198
14	108
14	129
213	214
214	51
51	61
61	6
6	133
168	3
215	45
88	35
17	195
195	84
172	14
80	178
178	105
221	191
221	198
176	221
