# Directed graph: generated_songs/random_generated_jazz_song_71.txt 
# Nodes: 43 Edges: 76
# FromNodeId	ToNodeId
105	35
105	79
105	87
105	110
105	121
105	135
105	164
105	233
35	22
35	133
35	170
133	168
133	198
133	200
133	202
202	84
84	14
84	19
84	31
84	154
84	168
84	178
84	198
168	14
168	133
168	198
198	75
198	84
198	102
198	105
198	133
198	225
135	198
135	200
14	133
200	84
200	105
200	117
117	88
88	35
170	3
3	133
22	205
205	84
205	105
164	19
19	198
75	31
31	84
31	133
178	37
178	198
37	108
108	198
108	237
225	185
185	191
191	57
191	61
61	6
6	8
8	22
102	135
110	133
79	98
98	174
174	37
237	35
154	28
28	125
125	105
121	133
87	3
233	89
89	191
57	3
