# Directed graph: generated_songs/random_generated_jazz_song_58.txt 
# Nodes: 41 Edges: 80
# FromNodeId	ToNodeId
105	35
105	79
105	233
233	89
233	221
89	174
89	191
174	15
174	84
174	221
84	3
84	24
84	35
84	105
84	111
84	133
84	163
84	174
84	191
111	25
111	198
111	207
25	31
31	97
31	133
31	225
225	48
48	170
170	163
163	129
163	133
129	198
198	35
198	84
198	87
198	89
198	102
198	133
198	172
198	233
133	84
133	193
133	198
133	205
87	133
191	84
191	176
176	221
221	84
3	133
79	40
40	108
108	133
108	154
108	193
35	108
35	111
35	133
35	154
154	19
154	28
154	142
28	154
19	133
102	80
80	150
150	34
34	168
168	133
193	24
193	31
205	208
208	84
172	3
142	35
207	105
24	31
24	35
97	84
15	133
