# Directed graph: generated_songs/random_generated_jazz_song_78.txt 
# Nodes: 46 Edges: 81
# FromNodeId	ToNodeId
105	84
84	31
84	35
84	163
84	198
84	230
35	61
35	108
35	111
35	133
35	170
35	191
191	3
191	80
80	150
150	31
150	34
150	35
31	61
31	170
31	191
61	108
61	170
108	19
108	198
108	233
108	237
233	89
89	225
225	45
45	26
26	115
115	108
198	84
198	87
198	133
198	200
87	164
87	168
168	84
168	174
174	111
111	55
55	64
55	69
69	154
154	15
154	28
15	23
15	188
23	15
188	57
57	34
57	58
34	31
34	35
133	80
133	84
133	168
133	198
133	205
133	207
163	133
207	84
200	84
170	3
170	14
170	162
3	108
3	133
237	198
14	133
230	72
72	80
162	133
64	57
58	3
164	133
205	84
19	154
28	143
