# Directed graph: generated_songs/random_generated_jazz_song_26.txt 
# Nodes: 50 Edges: 85
# FromNodeId	ToNodeId
105	110
105	121
105	135
105	176
176	188
188	170
170	10
170	35
170	154
35	108
35	133
35	170
35	233
233	89
89	174
89	191
174	84
84	11
84	35
84	39
84	121
84	133
84	142
84	168
84	186
142	31
31	35
31	131
31	181
181	80
80	150
150	35
154	133
133	194
133	198
198	3
198	25
198	75
198	84
198	87
198	88
198	89
198	105
198	133
198	137
88	35
108	112
108	170
10	133
168	198
75	31
131	53
53	133
87	178
178	34
34	83
83	45
45	140
45	237
140	123
140	198
3	133
25	31
112	84
186	84
11	133
194	198
39	225
225	45
123	224
224	45
237	198
137	198
135	198
135	200
191	135
191	187
200	84
121	129
121	133
129	187
187	105
187	207
110	133
207	84
