# Directed graph: generated_songs/random_generated_jazz_song_24.txt 
# Nodes: 48 Edges: 83
# FromNodeId	ToNodeId
105	35
105	102
105	181
35	107
35	108
35	133
35	225
133	3
133	84
133	142
133	170
133	188
133	198
133	205
133	207
198	84
198	105
198	170
84	133
84	142
84	176
84	223
142	31
142	35
142	170
170	3
170	35
170	89
3	107
3	129
3	133
3	187
181	133
31	178
31	225
225	52
225	86
86	174
174	37
174	224
37	108
108	133
108	233
233	89
89	174
89	191
191	80
191	188
188	57
188	60
188	170
129	80
80	142
80	150
205	133
223	183
183	173
173	41
41	69
69	154
154	19
19	133
60	170
224	45
45	168
168	84
207	84
176	61
61	165
165	198
102	188
107	0
107	191
0	107
0	209
150	31
178	170
52	191
57	170
187	87
87	35
209	195
195	133
