# Directed graph: generated_songs/random_generated_jazz_song_48.txt 
# Nodes: 50 Edges: 85
# FromNodeId	ToNodeId
105	172
105	191
105	213
105	224
213	185
213	191
185	224
224	45
224	52
224	191
52	170
170	163
163	84
84	35
84	89
84	108
84	174
84	186
84	205
84	233
108	35
108	133
35	22
35	133
35	135
135	198
198	84
198	87
198	105
89	174
89	178
89	191
178	89
174	31
174	84
174	187
31	3
31	80
3	108
3	133
133	116
133	194
133	198
133	207
191	80
191	133
191	172
191	188
191	225
172	3
172	14
14	129
129	198
87	78
78	148
148	157
157	159
159	18
18	23
23	154
154	142
142	35
142	80
187	84
205	84
207	105
45	140
140	185
116	233
233	89
188	57
57	152
57	164
164	19
19	84
186	84
22	105
225	80
80	142
80	144
80	150
150	31
144	57
152	213
194	84
