# Directed graph: generated_songs/random_generated_jazz_song_59.txt 
# Nodes: 45 Edges: 84
# FromNodeId	ToNodeId
105	89
105	90
105	133
105	233
133	31
133	80
133	118
133	198
133	205
198	84
198	87
198	105
198	106
198	133
198	172
198	178
198	224
106	3
3	108
3	133
108	133
108	188
178	99
99	233
233	89
233	93
89	90
89	168
89	191
90	191
191	80
191	84
191	133
191	186
80	142
80	146
146	35
35	108
35	110
35	133
35	137
110	133
84	5
84	35
84	174
84	181
84	186
5	108
93	191
186	84
174	31
31	33
31	36
31	170
36	35
87	89
87	181
87	188
188	57
57	87
57	170
170	3
170	14
14	133
14	135
135	207
207	105
168	14
172	3
142	31
142	35
224	45
45	80
118	87
181	59
181	143
59	209
209	193
193	133
33	34
34	35
143	35
137	198
205	84
