# Directed graph: generated_songs/random_generated_jazz_song_25.txt 
# Nodes: 46 Edges: 82
# FromNodeId	ToNodeId
105	89
105	164
105	191
105	233
191	133
191	176
191	221
221	198
198	84
198	87
198	105
198	170
198	200
198	201
170	14
170	163
170	176
176	61
176	84
176	198
84	3
84	39
84	87
84	89
84	133
84	168
84	174
84	178
133	111
133	188
133	198
133	207
188	57
57	3
57	105
57	170
164	19
19	84
111	133
61	55
55	69
69	154
69	174
154	69
174	142
174	187
142	0
142	29
142	31
142	170
29	142
0	79
79	142
87	84
87	106
106	80
80	144
144	57
3	108
3	129
129	198
168	34
34	35
35	108
35	133
108	125
108	198
125	94
94	188
163	170
14	108
187	84
39	133
201	84
200	84
207	84
178	142
31	36
36	35
233	133
89	174
89	191
