# Directed graph: generated_songs/random_generated_rock_song_64.txt 
# Nodes: 39 Edges: 75
# FromNodeId	ToNodeId
44	5
44	9
44	13
44	52
44	70
44	81
44	101
44	103
44	114
44	131
101	44
101	70
101	114
101	118
101	138
70	44
70	95
70	96
70	101
70	114
138	114
114	44
114	70
114	101
118	44
13	44
13	70
13	76
13	114
76	44
76	73
73	0
0	39
0	67
0	70
67	0
67	11
67	123
123	39
39	101
39	114
5	27
5	33
5	61
61	5
61	11
61	101
61	121
52	49
49	60
60	119
119	20
20	105
105	13
103	13
95	55
55	0
96	3
3	55
11	88
88	24
88	61
121	61
121	76
33	61
24	0
81	33
9	13
131	90
90	91
91	51
91	84
84	91
51	5
27	44
