# Directed graph: generated_songs/random_generated_jazz_song_89.txt 
# Nodes: 43 Edges: 85
# FromNodeId	ToNodeId
105	133
105	178
105	191
178	72
178	99
178	200
72	69
69	154
69	164
154	142
142	31
142	35
142	40
40	35
35	19
35	108
35	133
35	187
35	233
108	115
108	133
133	35
133	57
133	84
133	116
133	168
133	198
133	207
168	3
3	108
3	129
3	133
129	135
129	142
135	198
198	35
198	84
198	89
198	105
198	163
198	170
187	198
170	3
170	31
170	35
170	89
31	3
31	36
31	133
116	87
87	188
87	198
188	57
57	165
165	102
165	105
102	69
164	170
89	108
89	174
89	191
191	80
80	142
80	150
19	133
19	198
150	31
84	3
84	35
84	121
84	140
84	205
174	84
174	221
221	105
99	178
200	84
140	163
163	170
207	170
115	108
121	133
36	35
233	89
205	87
