# Directed graph: generated_songs/random_generated_jazz_song_57.txt 
# Nodes: 53 Edges: 89
# FromNodeId	ToNodeId
105	89
105	90
105	170
90	174
174	168
168	52
52	170
170	3
170	9
170	31
170	163
9	3
3	108
3	133
133	129
133	198
133	200
133	202
133	205
133	207
205	84
205	87
205	213
84	11
84	13
84	35
84	105
84	133
11	133
200	84
200	133
89	178
178	69
178	142
142	31
142	35
142	115
142	233
31	3
31	80
31	170
163	129
129	133
129	142
129	198
233	95
95	192
192	130
130	198
198	84
198	87
198	105
198	133
87	108
87	133
108	35
108	135
108	215
135	198
35	107
35	133
207	99
207	170
99	102
99	178
102	99
69	155
155	79
79	63
63	35
202	84
80	142
80	150
150	81
81	142
13	14
14	129
107	0
0	29
0	107
29	142
115	108
215	191
191	80
213	214
214	45
45	140
140	123
123	98
