# Directed graph: generated_songs/random_generated_jazz_song_21.txt 
# Nodes: 44 Edges: 82
# FromNodeId	ToNodeId
105	3
105	35
105	102
105	191
35	108
35	133
35	137
35	200
108	133
108	198
108	237
133	150
133	170
133	198
133	207
207	87
207	105
87	78
87	163
163	198
198	84
198	87
198	89
198	105
198	170
198	225
198	231
78	148
148	61
61	153
153	28
28	182
182	69
69	154
154	133
154	142
170	3
170	14
170	154
170	225
14	133
84	31
84	121
84	133
84	142
84	172
121	198
231	89
89	174
89	191
191	135
135	200
200	84
172	3
3	108
3	133
150	34
34	35
34	108
31	142
31	225
142	31
142	35
142	154
225	45
225	79
225	80
80	142
137	198
102	178
178	34
237	198
174	220
220	170
79	45
45	168
45	170
45	180
168	35
168	52
52	168
180	170
