# Directed graph: generated_songs/random_generated_rock_song_42.txt 
# Nodes: 32 Edges: 69
# FromNodeId	ToNodeId
44	13
44	27
44	55
44	101
44	103
44	105
44	114
114	0
114	13
114	44
114	46
114	55
114	101
114	105
13	22
13	44
13	55
13	70
13	95
13	101
13	110
13	114
110	44
55	0
55	13
55	44
55	114
0	76
0	127
76	24
76	39
24	0
24	67
127	55
127	76
67	76
39	114
101	13
101	44
101	114
105	17
105	44
105	108
22	49
49	55
95	72
95	101
72	44
46	105
108	44
70	13
70	66
70	117
27	5
27	81
27	101
17	70
66	70
117	44
5	33
5	81
81	50
81	121
121	61
121	114
61	5
33	61
50	131
131	27
