# Directed graph: generated_songs/random_generated_rock_song_19.txt 
# Nodes: 29 Edges: 63
# FromNodeId	ToNodeId
44	39
44	52
44	70
44	72
44	101
44	111
44	114
101	13
101	44
101	47
101	70
101	95
101	114
101	131
114	13
114	17
114	44
114	46
114	55
114	101
114	123
17	44
17	55
52	76
52	101
72	44
13	44
13	46
13	95
13	101
13	110
13	114
110	44
110	70
123	39
39	76
39	114
70	101
70	114
131	27
27	33
27	101
33	121
121	61
61	5
5	27
47	101
46	105
46	137
137	105
105	57
105	58
58	17
55	0
55	13
55	44
111	114
95	101
76	13
0	24
0	114
24	0
57	39
