# Directed graph: generated_songs/random_generated_rock_song_11.txt 
# Nodes: 24 Edges: 60
# FromNodeId	ToNodeId
44	13
44	27
44	30
44	46
44	53
44	55
44	70
44	72
44	76
44	101
44	103
44	114
72	76
72	95
72	117
76	13
76	24
76	73
73	0
0	76
0	114
0	127
127	114
114	13
114	44
114	46
114	101
13	27
13	44
13	70
13	101
13	114
27	13
27	44
27	50
27	101
103	13
101	0
101	13
101	44
101	47
101	65
101	72
101	114
70	27
70	44
70	101
70	114
46	110
110	44
53	44
117	44
30	101
50	131
131	44
55	101
47	101
95	101
65	70
24	0
