# Directed graph: generated_songs/random_generated_rock_song_46.txt 
# Nodes: 28 Edges: 65
# FromNodeId	ToNodeId
44	13
44	70
44	101
44	114
44	138
138	102
102	55
55	70
55	101
70	13
70	44
70	101
70	114
70	117
114	13
114	17
114	44
114	50
114	70
114	81
114	87
114	101
114	110
101	5
101	13
101	44
101	55
101	70
101	72
101	95
101	114
101	117
50	5
50	27
27	92
27	104
92	81
81	27
81	44
81	50
81	92
13	57
13	70
13	76
13	101
13	114
5	33
5	81
104	70
33	121
121	76
76	101
95	13
95	72
72	95
72	101
87	114
117	101
117	118
110	44
118	114
57	105
105	114
17	18
18	136
