# Directed graph: generated_songs/random_generated_jazz_song_83.txt 
# Nodes: 49 Edges: 86
# FromNodeId	ToNodeId
105	80
105	133
105	191
133	116
133	163
133	168
133	170
133	188
133	198
168	133
198	31
198	84
198	87
198	105
198	163
80	142
80	146
80	150
146	35
35	22
35	108
35	110
35	133
110	198
31	3
31	36
31	45
31	80
31	133
31	193
36	35
191	188
191	221
188	57
188	69
188	135
57	89
57	164
89	187
187	169
169	31
169	124
124	224
224	45
45	169
45	197
197	108
108	133
108	198
84	57
84	129
84	233
164	19
19	87
19	125
87	35
87	181
181	80
150	31
135	198
135	200
200	93
93	174
174	221
221	105
69	154
154	19
125	114
125	135
163	131
163	133
131	142
142	3
142	31
193	31
3	133
170	5
170	163
5	111
111	133
116	170
233	35
22	125
114	88
88	35
129	142
