# Directed graph: generated_songs/random_generated_jazz_song_88.txt 
# Nodes: 39 Edges: 79
# FromNodeId	ToNodeId
105	3
105	35
105	89
105	191
191	133
191	172
172	3
3	108
3	129
3	133
133	108
133	146
133	198
133	207
198	84
198	87
198	105
198	170
198	200
84	31
84	87
84	142
84	168
84	170
84	181
87	89
87	105
87	133
89	90
89	129
89	174
129	80
129	133
129	186
129	207
207	105
207	178
178	105
108	112
108	137
108	193
108	198
108	233
137	115
137	198
170	3
170	5
170	165
165	153
153	154
154	142
142	3
142	35
186	84
90	174
174	108
174	198
168	3
31	80
31	108
31	142
80	150
150	31
150	35
233	89
35	108
35	133
35	137
146	36
36	35
115	108
112	198
181	52
52	170
5	3
193	24
24	31
200	117
117	84
