# Directed graph: generated_songs/random_generated_jazz_song_76.txt 
# Nodes: 51 Edges: 87
# FromNodeId	ToNodeId
105	98
105	174
105	198
105	225
198	31
198	84
198	105
198	170
31	33
31	142
31	178
31	181
181	52
181	157
157	111
157	133
133	12
133	198
133	207
170	35
35	54
35	107
35	108
35	110
35	112
107	0
107	35
0	3
3	84
3	108
3	133
108	35
108	137
137	198
174	84
174	186
84	3
84	35
84	96
84	178
84	181
84	186
84	198
178	55
178	133
178	142
142	31
142	35
112	205
205	87
87	55
55	64
55	69
69	154
69	157
111	27
27	117
117	93
93	91
91	191
191	133
191	146
146	78
78	39
39	178
207	84
110	133
98	3
12	107
54	3
52	142
52	168
168	174
186	57
186	105
57	152
57	188
188	69
154	133
225	52
33	34
34	57
152	102
102	230
230	172
172	3
96	191
