# Directed graph: generated_songs/random_generated_rock_song_20.txt 
# Nodes: 32 Edges: 74
# FromNodeId	ToNodeId
44	9
44	13
44	50
44	57
44	70
44	101
44	105
44	114
44	117
44	131
44	138
13	44
13	76
13	101
13	114
76	13
76	24
76	127
127	55
127	76
24	0
0	70
0	127
114	13
114	27
114	44
114	55
114	78
114	101
114	110
27	5
27	36
27	101
5	0
5	27
5	81
5	108
70	13
70	76
101	5
101	13
101	27
101	44
101	72
101	114
110	44
110	95
117	44
78	101
138	105
105	13
105	17
105	44
105	108
57	105
108	27
108	44
108	131
81	5
131	90
131	110
95	101
72	101
50	33
33	61
61	11
11	0
55	44
55	114
17	59
59	101
90	57
36	27
9	13
