# Directed graph: generated_songs/random_generated_rock_song_22.txt 
# Nodes: 27 Edges: 62
# FromNodeId	ToNodeId
44	13
44	27
44	47
44	72
44	101
44	114
44	131
114	13
114	44
114	55
114	101
13	70
13	76
13	95
13	96
13	114
70	13
70	27
70	101
76	0
76	13
76	24
76	127
0	24
0	127
24	0
24	76
101	44
101	57
101	76
101	95
101	114
101	117
127	55
55	44
55	76
96	49
49	20
20	105
105	13
105	138
138	105
95	13
95	101
131	50
131	81
50	5
50	81
81	5
81	27
81	50
27	70
27	97
27	101
117	72
72	114
5	33
5	81
33	5
97	47
47	101
57	105
