# Directed graph: generated_songs/random_generated_jazz_song_60.txt 
# Nodes: 50 Edges: 83
# FromNodeId	ToNodeId
105	35
105	45
105	79
105	89
105	133
105	225
79	142
142	31
31	34
31	84
31	170
31	174
174	187
187	105
225	45
225	52
45	26
45	169
45	237
237	170
237	198
198	84
198	87
198	88
198	99
198	105
198	137
137	198
84	3
84	133
84	142
84	163
84	168
84	191
191	225
52	150
150	5
5	111
111	25
111	112
112	237
170	35
35	19
35	45
35	89
35	111
35	137
89	92
89	129
129	198
87	37
87	178
37	133
133	186
133	198
133	205
186	84
168	133
19	135
135	194
135	198
135	207
207	84
3	133
99	102
102	135
178	69
69	157
157	28
28	135
194	84
163	133
169	31
205	84
88	35
26	115
115	105
92	176
176	188
188	57
57	105
25	31
34	31
