# Directed graph: generated_songs/random_generated_jazz_song_12.txt 
# Nodes: 47 Edges: 83
# FromNodeId	ToNodeId
105	80
105	121
105	178
80	142
142	31
142	34
31	143
31	170
31	181
181	150
150	35
35	133
35	178
178	72
178	142
178	200
200	37
200	84
37	108
108	172
172	14
14	133
133	87
133	168
133	188
133	198
133	205
133	207
188	57
57	165
165	234
234	89
89	3
89	140
89	178
89	191
3	133
3	230
198	3
198	84
198	89
198	105
198	133
198	170
198	172
198	208
191	3
230	5
5	133
205	84
84	31
84	121
84	133
84	168
84	198
84	200
84	233
168	52
168	230
121	133
121	198
208	84
72	69
69	164
164	19
164	133
19	233
233	89
34	131
131	135
135	198
52	150
207	84
140	122
122	224
224	45
45	170
170	3
170	163
170	164
163	84
87	84
143	31
