# Directed graph: generated_songs/random_generated_jazz_song_87.txt 
# Nodes: 43 Edges: 80
# FromNodeId	ToNodeId
105	110
105	133
105	170
105	178
105	213
110	133
133	25
133	115
133	198
133	202
133	205
133	233
198	84
198	87
198	105
198	106
198	142
84	3
84	19
84	31
84	35
84	39
84	154
84	163
84	187
84	198
19	84
163	133
233	35
35	108
35	112
35	137
137	198
178	142
142	35
142	154
142	191
191	188
188	62
62	153
153	28
28	130
28	154
154	28
154	69
154	133
154	142
69	154
130	205
205	84
205	117
112	84
112	207
207	105
213	174
174	84
115	89
115	102
102	108
108	112
108	115
108	133
108	198
89	129
129	198
39	133
117	87
87	35
87	198
106	87
25	35
170	3
3	133
3	224
224	45
45	168
168	133
31	35
202	84
187	84
