# Directed graph: generated_songs/random_generated_rock_song_91.txt 
# Nodes: 29 Edges: 68
# FromNodeId	ToNodeId
44	0
44	10
44	13
44	52
44	55
44	57
44	70
44	72
44	81
44	86
44	95
44	101
44	114
44	117
57	70
70	44
70	95
70	117
117	44
10	13
13	27
13	44
13	101
13	114
95	50
95	72
95	101
101	44
101	65
101	72
101	76
101	78
101	108
101	112
101	114
101	118
65	101
78	13
72	44
72	76
72	95
72	101
72	138
138	114
114	13
114	44
114	55
114	95
55	44
55	127
76	24
76	39
76	101
112	44
118	117
81	27
27	44
27	101
108	44
52	70
86	117
24	76
39	114
0	67
67	95
50	108
127	106
106	0
