# Directed graph: generated_songs/random_generated_jazz_song_10.txt 
# Nodes: 35 Edges: 64
# FromNodeId	ToNodeId
105	87
105	164
164	19
19	135
135	80
80	150
150	35
150	172
172	3
172	14
14	133
133	146
133	170
133	188
133	198
133	207
198	84
198	88
198	133
198	170
84	3
84	31
84	35
84	133
84	172
84	198
35	108
35	133
35	225
35	233
3	129
3	133
170	3
170	31
170	35
207	84
207	87
207	133
146	35
233	89
89	191
191	80
108	84
108	112
108	198
87	84
87	105
87	133
31	142
31	169
142	3
142	31
142	154
129	186
186	84
154	38
38	108
112	125
125	87
88	35
225	79
79	142
169	156
156	108
