# Directed graph: generated_songs/random_generated_jazz_song_82.txt 
# Nodes: 42 Edges: 81
# FromNodeId	ToNodeId
105	69
69	154
154	69
154	142
142	3
142	35
142	39
142	115
3	108
3	133
133	84
133	115
133	121
133	123
133	170
133	198
133	205
198	31
198	84
198	87
198	174
198	225
87	133
87	181
84	3
84	31
84	133
84	142
84	163
84	168
84	198
84	233
168	31
168	170
168	213
31	35
31	36
31	142
39	178
178	142
178	198
115	102
115	108
102	181
181	87
181	157
157	18
18	133
35	79
35	112
35	133
79	98
98	3
170	3
170	163
170	176
163	84
163	133
163	170
205	84
112	237
237	52
52	168
52	170
36	35
123	219
123	224
224	45
45	140
140	123
219	191
191	133
121	133
225	52
213	178
108	170
108	198
176	198
174	220
220	84
233	224
