# Directed graph: generated_songs/random_generated_jazz_song_75.txt 
# Nodes: 51 Edges: 88
# FromNodeId	ToNodeId
105	35
105	102
35	3
35	19
35	108
3	129
3	133
129	84
129	142
142	3
142	31
142	154
31	80
31	142
31	170
31	225
80	31
80	143
170	3
133	146
133	168
133	198
133	202
198	84
198	87
198	89
198	105
198	200
198	201
201	84
84	14
84	108
84	133
84	142
84	168
84	178
84	187
84	198
84	233
178	69
178	142
225	52
52	172
172	14
14	133
202	84
187	84
187	207
207	84
146	35
108	133
108	215
108	234
215	45
45	26
45	140
140	122
122	224
224	45
26	229
229	198
200	84
89	174
89	178
89	191
89	233
174	221
221	198
168	84
168	133
233	89
233	133
69	164
164	115
115	108
234	89
191	84
102	179
179	72
72	80
143	35
19	125
125	135
135	198
87	79
79	142
154	15
15	133
