# Directed graph: generated_songs/random_generated_jazz_song_54.txt 
# Nodes: 40 Edges: 76
# FromNodeId	ToNodeId
105	3
105	54
105	102
105	133
102	135
135	198
198	84
198	89
198	129
198	133
198	170
198	205
84	31
84	35
84	61
84	121
84	142
84	154
84	174
84	221
31	3
31	36
31	80
31	133
31	172
36	35
35	31
35	108
35	133
133	198
133	205
133	207
205	84
205	105
142	3
142	31
142	35
154	133
170	3
3	129
3	133
3	197
129	80
129	198
129	207
174	186
186	84
221	84
61	6
6	8
8	22
22	125
125	94
94	158
158	191
191	80
191	105
89	191
80	31
80	142
80	146
80	150
150	31
146	35
207	84
207	87
87	35
172	14
14	133
121	129
108	115
108	198
197	108
115	105
54	5
5	3
