# Directed graph: generated_songs/random_generated_jazz_song_66.txt 
# Nodes: 36 Edges: 70
# FromNodeId	ToNodeId
105	178
105	233
178	55
178	170
55	43
55	69
69	154
154	19
154	28
154	133
133	186
133	198
133	200
133	205
198	84
198	87
198	99
198	105
198	133
198	142
198	170
198	172
172	61
61	55
43	88
88	35
35	133
87	84
87	110
87	186
186	84
186	198
84	5
84	39
84	87
84	133
84	148
84	170
84	174
84	198
84	233
174	19
19	133
19	198
233	89
89	102
89	133
142	3
3	108
3	133
170	31
170	108
170	133
170	154
110	198
5	133
102	198
39	178
108	170
108	198
99	37
37	133
31	3
31	35
205	170
28	143
143	3
148	150
150	31
200	133
