# Directed graph: generated_songs/random_generated_jazz_song_100.txt 
# Nodes: 45 Edges: 83
# FromNodeId	ToNodeId
105	14
105	108
105	133
105	198
105	233
14	110
14	133
110	198
198	80
198	84
198	105
198	170
198	232
198	233
80	150
80	170
150	31
150	35
35	133
35	225
35	233
133	53
133	87
133	116
133	142
133	170
133	198
133	200
133	207
87	108
108	157
108	198
108	237
237	170
170	14
170	154
170	163
170	164
170	187
163	133
164	22
22	133
142	5
142	35
233	89
233	213
89	174
89	178
89	191
174	84
174	186
186	115
115	105
213	185
185	223
223	45
45	168
168	31
168	133
31	36
31	80
36	35
225	45
53	131
131	142
5	133
207	170
154	133
187	105
232	198
84	35
84	108
84	133
84	174
200	99
200	105
157	111
111	200
99	102
102	80
191	80
116	233
178	170
