# Directed graph: generated_songs/random_generated_jazz_song_39.txt 
# Nodes: 44 Edges: 81
# FromNodeId	ToNodeId
105	35
105	170
105	181
105	191
105	233
191	57
191	188
191	221
57	105
35	133
133	3
133	20
133	163
133	198
133	205
163	133
3	108
3	129
3	224
224	45
45	140
45	170
140	185
185	170
185	224
170	3
170	14
170	31
170	154
31	80
31	133
80	142
142	5
5	111
111	186
186	84
186	105
84	3
84	31
84	87
84	89
84	121
84	133
84	186
121	129
121	133
20	198
198	84
198	105
198	108
198	133
198	185
198	194
14	133
108	133
108	135
194	84
233	89
89	174
89	191
174	191
221	84
188	84
129	57
129	198
135	207
207	105
205	84
87	55
55	69
69	154
154	28
154	133
28	15
28	182
182	69
15	23
15	84
23	18
18	15
181	170
