# Directed graph: generated_songs/random_generated_rock_song_31.txt 
# Nodes: 30 Edges: 69
# FromNodeId	ToNodeId
44	13
44	57
44	70
44	101
44	114
114	13
114	44
114	55
114	70
114	78
114	101
114	117
114	123
13	17
13	39
13	44
13	70
13	95
13	101
13	114
101	0
101	13
101	44
101	76
101	114
0	61
0	76
61	5
61	89
61	121
121	61
121	88
88	61
89	121
5	81
81	27
27	101
95	13
95	101
95	123
70	13
70	114
55	80
55	96
55	114
96	13
80	39
39	55
39	78
117	44
76	13
76	21
76	24
76	73
76	78
76	127
21	76
127	62
127	76
78	13
78	44
57	114
17	105
105	13
123	76
24	76
73	0
62	44
62	127
