# Directed graph: generated_songs/random_generated_rock_song_92.txt 
# Nodes: 29 Edges: 66
# FromNodeId	ToNodeId
44	0
44	13
44	30
44	52
44	70
44	72
44	76
44	101
44	112
44	114
114	39
114	44
114	46
114	55
114	81
114	101
0	127
127	55
127	62
62	120
120	44
72	76
76	7
76	13
13	22
13	46
13	95
13	101
13	114
95	13
95	101
101	13
101	27
101	44
101	70
101	114
46	105
46	137
105	13
105	44
22	49
49	55
55	101
55	114
55	127
27	13
27	50
27	101
7	44
52	101
81	27
81	50
81	109
50	5
50	27
50	81
50	108
108	50
5	81
109	50
39	44
70	44
70	101
30	101
137	105
112	13
