# Directed graph: generated_songs/random_generated_jazz_song_8.txt 
# Nodes: 41 Edges: 80
# FromNodeId	ToNodeId
105	133
105	178
105	198
105	233
178	77
178	142
142	0
142	31
142	129
142	233
129	198
198	84
198	87
198	89
198	105
198	170
198	201
87	3
87	133
133	198
133	205
133	207
205	25
25	35
35	107
35	112
107	0
107	191
0	107
191	80
80	142
80	170
31	36
31	80
31	168
31	170
36	35
112	236
236	89
89	80
89	90
89	133
89	174
89	178
174	168
174	187
174	221
168	170
168	198
170	3
170	31
170	154
170	163
170	164
164	133
84	79
84	89
84	174
84	221
84	233
90	191
3	108
108	133
108	198
201	84
233	89
221	84
221	239
239	170
77	142
163	133
163	170
207	84
187	198
79	142
154	57
57	165
165	138
138	125
125	105
