# Directed graph: generated_songs/random_generated_jazz_song_99.txt 
# Nodes: 45 Edges: 81
# FromNodeId	ToNodeId
105	35
105	80
105	143
105	198
35	108
35	111
35	133
35	157
157	111
111	55
111	133
111	207
207	105
80	142
80	150
150	57
57	89
57	165
89	133
89	191
191	80
191	133
142	0
142	31
142	34
142	154
31	0
31	142
31	151
31	168
31	169
169	31
0	79
0	107
0	142
107	0
79	142
168	52
168	133
168	198
52	168
133	84
133	142
133	198
133	207
198	84
198	87
198	89
198	105
198	201
84	31
84	57
84	89
84	133
84	142
87	35
87	121
108	111
108	237
237	105
143	35
154	28
28	135
135	174
174	168
151	84
165	138
138	125
125	94
94	188
188	61
61	6
6	8
8	22
22	84
34	181
181	157
55	43
43	87
121	133
201	105
