# Directed graph: generated_songs/random_generated_jazz_song_63.txt 
# Nodes: 55 Edges: 88
# FromNodeId	ToNodeId
105	35
105	54
105	233
54	31
31	15
31	133
15	188
188	57
188	170
170	3
170	12
170	31
170	164
164	19
164	22
19	112
19	233
112	207
207	105
233	89
233	213
89	178
89	191
89	230
191	165
191	176
165	28
165	164
28	18
18	133
133	84
133	105
133	118
133	170
133	198
133	205
118	87
87	55
55	43
43	88
88	35
35	34
35	111
35	133
35	187
35	191
187	170
22	205
205	106
205	133
3	108
3	133
84	57
84	133
84	152
57	3
57	165
230	5
5	12
12	107
12	133
107	0
107	35
0	209
209	195
195	84
198	89
198	170
198	200
178	84
178	200
152	102
102	178
200	105
111	207
213	214
214	51
51	140
140	123
123	219
219	45
45	168
168	52
52	170
108	188
106	35
176	133
34	12
