# Directed graph: generated_songs/random_generated_jazz_song_31.txt 
# Nodes: 48 Edges: 83
# FromNodeId	ToNodeId
105	35
105	133
105	178
105	191
178	34
178	89
178	142
178	170
178	200
142	5
142	154
154	18
154	133
18	188
188	57
188	170
57	105
57	230
133	118
133	188
133	198
198	84
198	88
198	102
198	105
198	200
200	105
191	108
191	176
108	193
108	198
84	133
84	170
84	172
84	174
84	193
193	24
24	31
31	36
31	129
31	142
31	178
31	225
129	31
129	53
5	129
53	131
131	170
170	31
170	154
170	162
174	3
174	186
3	133
88	35
35	108
35	111
35	133
35	225
225	52
225	188
52	150
150	35
118	87
87	84
162	89
89	174
89	191
176	221
221	84
36	35
111	133
102	178
186	198
172	14
14	133
34	57
230	213
213	185
185	223
223	183
183	173
173	164
