# Directed graph: generated_songs/random_generated_jazz_song_79.txt 
# Nodes: 40 Edges: 74
# FromNodeId	ToNodeId
105	35
105	79
105	135
105	170
105	191
105	233
233	89
89	3
89	133
89	181
89	233
181	133
181	150
133	19
133	188
133	198
133	205
198	84
198	105
198	133
198	170
84	3
84	14
84	19
84	129
84	163
84	164
84	168
19	84
19	112
19	198
112	205
205	121
205	170
121	133
170	108
170	162
170	163
163	84
163	133
163	170
162	133
108	105
108	233
3	39
3	133
79	142
142	40
40	123
123	12
123	98
98	174
174	89
14	133
35	26
35	108
26	123
12	133
188	57
57	34
57	105
191	221
221	198
39	133
168	230
230	172
172	14
164	19
34	181
150	34
150	35
135	198
129	80
80	150
