# Directed graph: generated_songs/random_generated_jazz_song_73.txt 
# Nodes: 50 Edges: 87
# FromNodeId	ToNodeId
105	35
105	142
105	233
233	89
89	174
89	188
89	191
188	135
135	198
198	84
198	105
198	133
198	200
200	37
37	108
108	35
108	133
108	233
133	84
133	115
133	198
133	205
133	207
174	84
174	221
84	11
84	22
84	31
84	39
84	55
84	198
84	225
55	67
67	174
221	239
239	170
170	3
170	34
170	124
124	224
224	45
45	180
180	148
148	61
148	150
150	35
35	69
35	108
35	111
35	127
35	133
35	170
127	108
205	84
205	170
34	131
131	31
31	35
31	97
31	133
142	35
142	40
69	154
69	157
154	28
28	198
191	72
191	142
40	172
172	3
3	111
3	133
111	133
111	198
111	238
238	148
61	31
97	89
72	69
157	111
207	84
225	80
80	150
115	108
22	205
39	133
11	133
