# Directed graph: generated_songs/random_generated_jazz_song_95.txt 
# Nodes: 49 Edges: 86
# FromNodeId	ToNodeId
105	102
105	110
105	133
105	157
105	198
105	233
157	159
159	18
18	133
133	21
133	84
133	198
133	205
205	25
205	208
208	84
84	55
84	87
84	129
84	142
84	165
84	172
84	174
129	3
129	198
3	108
3	129
3	133
165	152
165	164
164	113
113	135
135	198
135	200
135	207
198	31
198	84
198	105
198	133
198	170
198	205
198	219
198	229
170	35
35	108
35	133
31	3
31	15
31	80
108	112
108	133
108	198
55	64
55	69
69	154
154	142
142	31
142	35
112	125
125	135
233	89
89	191
191	105
191	135
21	198
174	198
229	133
80	150
150	3
110	108
102	135
102	178
178	55
64	57
57	165
152	102
207	84
172	14
14	131
131	31
15	133
25	35
219	191
200	84
87	188
188	170
