# Directed graph: generated_songs/random_generated_jazz_song_16.txt 
# Nodes: 38 Edges: 77
# FromNodeId	ToNodeId
105	35
105	135
105	188
105	198
35	17
35	31
35	108
35	133
35	137
137	198
198	84
198	105
198	129
198	170
198	191
198	200
198	203
191	133
191	150
191	176
133	80
133	116
133	129
133	187
133	198
84	31
84	35
84	89
84	105
84	133
84	142
84	163
84	170
84	178
84	186
170	3
170	108
170	163
3	39
3	129
129	84
129	135
129	186
129	198
116	233
233	89
89	57
89	191
150	34
150	35
34	181
181	84
163	84
163	133
186	84
187	105
188	170
176	221
221	84
31	142
31	170
39	133
142	3
142	35
135	198
135	207
57	153
153	108
108	198
207	87
87	133
178	170
203	105
200	28
28	133
80	150
17	195
