# Directed graph: generated_songs/random_generated_jazz_song_15.txt 
# Nodes: 48 Edges: 83
# FromNodeId	ToNodeId
105	35
105	87
105	233
233	89
89	1
89	102
89	178
1	17
17	195
195	133
133	84
133	108
133	188
133	194
133	198
108	133
108	185
108	198
198	84
198	89
198	105
198	135
198	170
84	3
84	80
84	120
84	121
84	133
84	170
84	174
84	186
84	233
80	142
142	31
142	34
31	133
194	84
174	45
174	221
221	84
186	84
102	69
102	188
188	57
57	105
57	152
152	35
152	102
35	108
35	133
185	170
170	3
170	9
170	14
170	164
170	225
164	19
164	133
3	108
121	133
178	55
178	142
34	131
131	14
14	112
14	133
112	236
236	95
95	178
55	64
64	57
69	174
45	170
120	198
135	207
207	170
225	185
19	113
19	133
113	164
87	133
9	28
28	154
