# Directed graph: generated_songs/random_generated_jazz_song_47.txt 
# Nodes: 44 Edges: 80
# FromNodeId	ToNodeId
105	84
105	172
105	174
105	191
174	3
174	198
174	202
3	133
133	57
133	84
133	125
133	198
133	207
198	75
198	84
198	87
198	105
198	108
198	170
84	3
84	61
84	111
84	133
84	163
84	164
84	168
84	186
84	191
111	233
233	95
95	176
176	133
207	87
87	35
87	84
87	89
89	174
89	191
191	133
191	165
191	185
191	198
61	133
165	153
153	108
108	115
108	133
108	157
108	237
172	3
57	35
35	108
35	133
164	19
19	133
75	31
31	174
202	84
163	133
237	25
237	89
25	35
157	28
157	133
28	154
154	69
69	157
186	115
115	105
115	108
185	224
224	35
224	191
125	217
217	123
123	213
123	224
213	82
82	123
168	133
