# Directed graph: generated_songs/random_generated_jazz_song_23.txt 
# Nodes: 46 Edges: 82
# FromNodeId	ToNodeId
105	191
191	80
191	150
191	176
150	5
150	31
5	108
108	133
108	198
198	84
198	87
198	219
198	225
87	142
142	3
142	150
31	35
31	84
31	170
170	3
170	35
170	154
170	174
174	84
174	198
174	224
219	45
45	79
45	140
45	170
154	15
15	188
188	57
57	170
84	31
84	35
84	89
84	108
84	133
84	163
84	168
84	170
84	174
35	89
35	133
35	233
233	89
89	90
89	129
89	178
89	187
89	191
176	84
163	133
133	170
133	198
133	207
224	45
79	35
90	191
80	142
3	52
3	111
3	133
207	84
168	84
168	198
111	133
178	89
187	170
52	173
173	141
141	231
231	89
129	198
225	45
140	123
123	12
12	109
109	205
205	25
25	31
