# Directed graph: generated_songs/random_generated_jazz_song_4.txt 
# Nodes: 47 Edges: 87
# FromNodeId	ToNodeId
105	121
105	133
105	142
105	170
105	178
105	213
142	31
142	105
121	133
133	16
133	115
133	123
133	125
133	198
198	84
198	105
198	106
198	170
198	233
233	89
89	57
89	90
89	174
57	34
57	35
34	131
131	135
135	198
84	14
84	19
84	108
84	133
84	174
84	178
84	198
108	198
108	233
174	3
174	37
174	45
174	84
37	233
3	133
125	105
170	154
170	164
164	19
19	84
19	133
19	154
16	133
154	19
154	142
31	45
31	174
213	82
213	214
82	128
128	123
123	213
123	217
123	224
214	45
45	80
45	168
45	180
80	150
150	31
150	35
180	148
148	150
168	84
178	99
178	198
99	189
189	57
35	133
35	137
35	233
137	205
205	84
14	108
106	87
87	35
115	105
217	123
224	180
