# Directed graph: generated_songs/random_generated_jazz_song_11.txt 
# Nodes: 42 Edges: 80
# FromNodeId	ToNodeId
105	35
105	80
105	178
105	198
35	17
35	110
35	133
35	170
35	233
170	14
170	89
89	102
89	174
89	191
89	233
102	99
99	189
189	198
198	84
198	87
198	105
198	133
198	200
198	233
84	80
84	87
84	108
84	133
84	142
133	84
133	116
133	163
133	196
133	198
133	205
108	115
108	198
205	84
80	144
80	150
150	34
34	35
178	142
142	31
142	35
142	79
79	142
110	198
200	105
144	57
57	152
152	35
233	89
233	93
233	224
93	174
174	3
174	31
31	108
31	121
31	142
115	105
191	188
191	221
188	170
14	133
163	84
196	89
3	108
17	233
221	84
87	106
87	108
87	121
87	133
106	87
121	133
116	233
224	45
45	142
