# Directed graph: generated_songs/random_generated_jazz_song_5.txt 
# Nodes: 49 Edges: 90
# FromNodeId	ToNodeId
105	90
105	102
105	164
105	191
105	233
90	174
174	111
174	186
174	198
198	84
198	105
198	143
198	204
84	129
84	133
84	163
84	172
84	191
163	133
163	170
133	115
133	168
133	170
133	198
133	202
133	207
115	108
108	133
108	170
108	198
108	234
168	3
3	129
3	133
3	187
129	31
129	142
142	31
142	34
31	80
31	142
80	150
150	35
35	19
35	108
35	133
35	191
19	87
87	84
87	102
170	3
170	35
170	163
191	57
191	170
191	233
143	35
202	87
102	69
102	178
178	89
178	108
89	174
89	178
186	84
34	35
187	105
233	35
233	89
234	89
111	200
200	99
99	188
188	57
57	105
57	152
152	35
152	213
213	42
42	188
172	14
14	133
204	105
164	133
207	105
69	154
154	28
28	135
135	205
205	84
