# Directed graph: generated_songs/random_generated_jazz_song_29.txt 
# Nodes: 48 Edges: 85
# FromNodeId	ToNodeId
105	87
105	102
105	143
105	225
143	35
35	34
35	133
34	12
34	80
34	111
34	225
111	133
111	200
111	238
200	84
200	105
84	14
84	108
84	133
84	176
84	191
84	198
108	133
108	198
133	3
133	111
133	198
133	205
205	84
198	84
198	89
198	105
198	106
198	200
225	45
225	188
45	80
45	133
45	168
106	80
80	142
80	149
80	150
149	32
32	218
218	48
48	170
170	3
170	124
170	154
124	34
142	3
142	31
142	34
142	35
142	162
162	133
102	80
150	35
150	40
40	108
14	133
188	57
57	165
165	152
152	198
89	174
174	224
224	45
168	84
176	80
31	170
3	107
3	108
3	129
107	0
0	142
87	181
181	142
12	111
238	148
148	150
129	133
191	170
154	142
