# Directed graph: generated_songs/random_generated_jazz_song_1.txt 
# Nodes: 42 Edges: 79
# FromNodeId	ToNodeId
105	35
105	54
105	80
105	89
105	135
105	233
135	198
198	75
198	84
198	87
198	105
198	170
198	172
170	3
170	165
165	133
165	138
165	234
234	89
89	1
89	57
89	90
89	186
57	165
138	125
125	105
80	150
150	3
150	35
35	45
35	112
35	133
112	207
207	105
54	5
5	111
111	133
111	198
75	31
31	80
31	170
3	108
3	111
3	133
133	53
133	84
133	198
133	207
84	35
84	45
84	133
84	163
84	174
84	176
84	198
174	84
174	108
108	115
108	198
115	108
45	142
45	170
142	31
53	133
172	3
176	87
87	35
87	181
181	102
102	189
189	57
1	17
17	233
233	89
233	221
221	105
90	174
163	133
186	84
