# Directed graph: generated_songs/random_generated_jazz_song_44.txt 
# Nodes: 37 Edges: 78
# FromNodeId	ToNodeId
105	121
105	178
105	191
105	233
191	35
191	80
191	164
191	176
35	34
34	3
34	57
3	19
3	72
3	80
3	129
3	133
3	170
19	84
19	105
19	108
19	233
108	133
108	198
198	84
198	105
198	133
198	172
198	191
233	89
89	90
89	168
89	191
80	57
80	142
80	150
142	3
142	80
142	172
72	80
150	31
150	34
57	105
57	165
57	170
170	3
170	154
133	198
133	205
178	57
178	99
99	102
99	188
102	99
188	57
165	28
28	125
28	198
84	3
84	19
84	89
84	108
84	174
84	178
84	198
84	230
230	172
172	3
205	84
168	84
125	133
176	80
176	84
154	19
90	191
174	191
164	19
121	198
129	84
