# Directed graph: generated_songs/random_generated_jazz_song_2.txt 
# Nodes: 35 Edges: 84
# FromNodeId	ToNodeId
105	3
105	35
105	84
105	178
35	108
35	111
35	112
35	133
108	35
108	133
108	135
108	198
108	205
108	233
133	5
133	115
133	198
133	207
207	84
207	87
207	105
3	108
3	133
198	3
198	31
198	84
198	87
198	89
198	105
198	133
198	170
84	35
84	45
84	108
84	133
84	142
84	168
84	187
84	198
187	84
187	87
187	207
87	35
87	102
87	198
135	207
102	178
178	102
178	108
178	142
142	31
142	35
142	154
142	174
174	108
174	198
31	80
31	131
31	133
31	142
31	187
80	142
154	142
131	142
112	233
233	89
89	90
89	187
89	225
115	108
205	84
111	207
225	45
45	169
45	170
169	31
168	133
5	133
90	174
170	12
170	163
163	133
12	160
160	84
