# Directed graph: generated_songs/random_generated_jazz_song_33.txt 
# Nodes: 45 Edges: 81
# FromNodeId	ToNodeId
105	133
105	191
191	186
186	84
84	3
84	35
84	108
84	121
84	133
84	168
84	174
84	178
84	198
178	34
178	108
108	35
108	133
108	188
108	194
35	108
35	111
35	133
111	198
198	31
198	84
198	87
198	133
198	170
174	87
174	187
187	84
121	133
133	87
133	108
133	150
133	198
133	207
3	19
3	39
3	108
3	129
3	133
150	5
150	31
31	80
31	151
31	170
151	84
207	105
87	35
87	78
87	133
78	148
148	61
61	6
6	22
22	84
168	124
168	230
124	224
224	45
45	142
142	178
34	31
170	3
39	25
25	233
233	89
89	174
89	233
194	84
80	150
5	3
19	198
129	84
129	186
188	57
57	165
165	164
164	133
230	129
