# Directed graph: generated_songs/random_generated_rock_song_81.txt 
# Nodes: 26 Edges: 62
# FromNodeId	ToNodeId
44	13
44	27
44	50
44	70
44	76
44	78
44	101
44	114
44	131
101	5
101	44
101	57
101	109
101	114
114	13
114	39
114	44
114	101
76	39
39	55
39	114
55	44
27	5
27	33
27	37
27	44
27	50
27	81
27	101
33	81
33	124
81	27
81	50
81	61
81	109
50	5
50	27
50	108
109	50
109	64
64	5
5	27
5	33
5	81
5	108
5	121
131	101
131	110
110	95
95	112
112	13
13	55
13	101
37	27
124	61
61	5
108	44
108	114
57	44
70	44
78	114
121	5
