# Directed graph: generated_songs/random_generated_jazz_song_93.txt 
# Nodes: 51 Edges: 91
# FromNodeId	ToNodeId
105	80
105	87
105	121
87	35
87	89
87	181
35	133
133	84
133	125
133	150
133	168
133	194
133	198
133	207
198	84
198	89
198	102
84	3
84	105
84	111
84	129
84	135
84	163
84	164
84	168
84	174
84	233
163	133
150	31
31	80
31	142
31	149
149	31
80	57
80	142
80	150
57	105
57	170
170	9
170	154
170	191
154	19
154	28
154	69
154	133
28	18
18	133
194	84
164	133
233	89
89	178
89	213
89	225
178	221
221	198
135	207
207	84
207	87
181	84
181	87
174	84
129	47
129	80
47	45
45	170
191	198
3	129
3	133
102	189
189	57
142	123
142	154
69	154
19	154
168	34
168	52
34	31
123	12
12	111
111	133
52	170
52	181
213	82
82	128
128	108
108	133
125	88
88	35
121	133
225	52
9	3
