# Directed graph: generated_songs/random_generated_jazz_song_64.txt 
# Nodes: 44 Edges: 78
# FromNodeId	ToNodeId
105	35
105	174
35	108
35	133
35	137
133	61
133	198
133	200
133	207
200	84
200	142
84	35
84	133
84	164
84	174
84	198
198	84
198	87
198	89
198	105
198	129
198	133
198	170
198	208
129	186
129	200
186	84
174	19
174	31
174	224
224	47
224	188
47	45
45	142
142	31
142	35
108	84
108	135
108	198
108	230
230	89
89	3
89	90
89	181
90	191
191	57
57	35
87	56
87	133
87	181
207	117
117	88
88	35
31	35
31	129
31	169
31	225
137	198
56	31
225	45
169	124
124	213
213	82
82	128
128	123
123	224
188	57
135	198
208	84
181	84
181	208
164	19
19	198
19	233
233	89
3	133
170	3
61	6
