# Directed graph: generated_songs/random_generated_jazz_song_52.txt 
# Nodes: 55 Edges: 84
# FromNodeId	ToNodeId
105	35
105	79
105	80
105	133
105	172
105	225
105	233
172	3
3	129
3	133
133	198
133	205
133	207
205	106
106	80
80	142
80	150
150	31
150	35
150	40
40	111
111	27
27	117
117	84
84	108
84	168
84	187
108	178
108	198
108	233
178	34
178	55
178	89
89	57
89	178
89	191
191	3
191	170
170	3
170	12
12	133
207	99
207	104
99	178
55	69
69	154
154	133
198	37
198	84
198	105
37	108
233	89
34	225
225	45
45	140
45	180
140	3
35	108
35	110
35	133
110	198
79	191
168	84
187	105
180	148
148	150
31	108
31	131
131	53
53	133
104	80
57	152
152	102
102	179
179	72
72	7
7	132
132	144
144	32
32	218
218	48
48	170
129	80
142	35
