# Directed graph: generated_songs/random_generated_jazz_song_46.txt 
# Nodes: 37 Edges: 79
# FromNodeId	ToNodeId
105	14
105	35
105	89
105	133
105	135
105	176
105	191
35	31
35	108
35	111
35	133
108	133
108	198
198	84
198	87
198	89
198	105
198	170
198	200
89	176
89	178
89	191
178	188
188	57
188	61
61	31
31	80
31	168
31	170
31	225
170	3
170	12
12	133
133	57
133	87
133	105
133	142
133	163
133	198
133	205
133	207
84	3
84	35
84	121
84	133
84	142
135	198
87	35
87	105
87	106
14	133
163	133
200	84
200	117
117	106
106	87
106	154
205	84
3	133
3	198
176	184
176	198
184	79
79	142
142	31
142	191
168	84
121	133
191	105
191	133
191	185
185	170
154	133
207	105
225	188
57	87
57	152
111	133
152	35
