# Directed graph: generated_songs/random_generated_jazz_song_9.txt 
# Nodes: 50 Edges: 80
# FromNodeId	ToNodeId
105	35
105	172
105	181
105	191
172	3
172	14
14	133
133	84
133	198
198	84
198	102
198	105
198	137
198	170
198	200
181	59
59	209
209	193
193	112
112	125
125	135
135	207
207	124
124	224
224	45
45	26
45	170
26	224
170	3
170	35
170	163
163	84
84	105
84	142
84	168
84	198
137	198
200	93
93	191
191	31
191	45
191	80
191	133
191	221
31	36
31	108
31	142
142	35
35	108
35	111
35	170
35	191
35	225
225	52
52	168
168	34
168	133
34	31
34	131
131	31
36	35
108	133
108	198
108	234
111	55
55	64
64	57
57	172
3	133
102	99
99	178
178	89
89	1
89	191
1	17
17	233
233	89
80	150
150	34
234	89
