# Directed graph: generated_songs/random_generated_jazz_song_19.txt 
# Nodes: 49 Edges: 83
# FromNodeId	ToNodeId
105	35
105	87
105	121
105	142
105	198
35	34
35	233
34	35
233	89
89	174
89	178
89	191
178	57
178	89
191	3
191	135
135	198
198	84
198	89
198	101
198	105
198	170
198	172
198	178
101	37
37	172
172	3
172	14
14	112
14	133
133	57
133	84
133	198
133	205
133	207
57	105
57	165
57	170
121	133
174	84
84	3
84	5
84	14
84	108
84	133
84	152
84	154
84	186
84	191
112	198
112	237
237	25
25	31
31	168
168	52
52	170
170	3
170	162
170	163
3	133
205	84
5	111
111	240
240	207
207	105
108	112
165	28
28	18
18	15
15	188
188	57
163	133
154	133
87	162
162	133
152	213
213	82
82	123
123	219
219	45
45	105
142	172
186	84
