# Directed graph: generated_songs/random_generated_jazz_song_49.txt 
# Nodes: 34 Edges: 74
# FromNodeId	ToNodeId
105	102
105	133
105	172
105	225
172	14
14	133
133	84
133	150
133	163
133	170
133	198
133	205
133	207
150	31
150	35
31	35
31	36
31	80
31	129
31	133
31	142
142	31
142	34
34	35
35	22
35	108
35	133
198	31
198	84
198	105
198	142
198	170
129	198
225	185
185	170
170	3
170	31
170	133
170	154
3	129
3	133
84	11
84	19
84	31
84	57
84	121
84	163
84	170
84	172
84	176
84	181
84	198
84	205
11	133
102	178
178	84
163	84
163	133
19	198
207	84
121	133
205	84
205	106
57	84
36	35
22	205
106	35
108	110
108	198
80	150
110	133
154	133
181	150
176	84
