# Directed graph: generated_songs/random_generated_jazz_song_51.txt 
# Nodes: 38 Edges: 75
# FromNodeId	ToNodeId
105	35
105	178
105	181
105	225
181	150
150	31
31	80
31	133
31	142
31	224
80	170
170	14
170	31
170	225
133	163
133	198
133	202
133	205
133	207
207	105
225	45
225	52
52	142
142	0
142	3
142	5
142	31
142	35
0	209
209	193
193	57
57	152
152	102
102	99
102	178
178	34
178	99
178	142
5	108
108	105
108	133
108	198
198	84
198	89
198	105
198	172
198	225
84	35
84	133
84	142
84	163
84	170
84	187
84	198
187	84
163	133
163	170
14	108
35	133
35	233
224	45
45	84
45	108
45	173
45	198
202	84
233	213
213	198
89	102
99	178
3	170
172	14
205	207
34	45
173	133
