# Directed graph: generated_songs/random_generated_jazz_song_6.txt 
# Nodes: 39 Edges: 75
# FromNodeId	ToNodeId
105	80
105	191
105	198
191	80
191	185
191	188
191	221
191	233
80	142
80	149
80	150
150	31
150	35
31	142
31	172
31	176
142	3
142	31
142	34
142	35
142	170
34	108
108	191
108	215
108	233
233	89
233	95
95	178
178	142
170	3
170	35
170	163
170	215
215	191
89	174
174	3
3	108
3	133
3	170
133	168
133	198
133	200
198	84
198	87
198	105
198	133
84	31
84	35
84	133
84	152
84	163
84	176
172	3
168	3
176	184
176	198
184	79
79	142
35	108
35	112
35	133
112	84
87	181
181	80
200	93
93	191
221	84
163	129
129	80
185	105
152	102
102	188
188	170
149	32
32	80
