# Directed graph: generated_songs/random_generated_rock_song_100.txt 
# Nodes: 27 Edges: 65
# FromNodeId	ToNodeId
44	13
44	27
44	45
44	57
44	70
44	101
44	114
44	131
101	13
101	27
101	44
101	50
101	70
101	76
101	95
101	114
50	131
131	47
131	101
95	13
95	70
95	72
72	95
70	13
70	27
70	44
70	76
70	101
70	114
27	44
27	81
27	101
81	44
81	108
45	44
114	13
114	17
114	39
114	44
114	101
13	27
13	44
13	55
13	70
13	95
13	101
13	114
57	105
105	114
105	119
39	114
55	13
55	95
55	114
108	44
47	101
17	58
58	105
119	49
49	55
76	0
76	127
127	55
0	61
61	5
