# Directed graph: generated_songs/random_generated_rock_song_13.txt 
# Nodes: 33 Edges: 65
# FromNodeId	ToNodeId
44	0
44	13
44	17
44	27
44	101
44	114
114	13
114	17
114	44
114	46
114	70
114	101
114	110
13	76
13	101
13	110
13	114
101	7
101	44
101	72
101	114
46	105
105	44
27	5
27	44
27	97
5	27
72	101
72	117
117	44
76	0
76	13
76	24
76	39
76	127
0	32
0	76
32	0
127	24
127	55
24	61
24	76
39	114
110	44
110	95
95	70
95	72
70	13
17	44
17	59
59	101
7	67
67	11
67	76
11	88
88	24
61	11
61	121
121	43
121	61
43	39
97	47
47	82
82	62
62	127
