# Directed graph: generated_songs/random_generated_jazz_song_94.txt 
# Nodes: 51 Edges: 85
# FromNodeId	ToNodeId
105	35
105	84
105	89
105	90
105	143
105	191
105	233
233	89
233	219
219	52
52	168
168	84
84	35
84	39
84	89
84	105
84	133
84	165
84	176
84	198
39	111
111	133
133	31
133	105
133	198
133	207
198	84
198	87
198	105
198	133
198	168
198	172
172	14
14	133
90	174
174	93
174	220
220	170
170	3
3	133
207	87
207	105
87	19
87	105
87	133
19	154
154	15
15	135
135	207
143	40
40	2
2	133
89	178
89	191
89	233
191	57
191	80
191	221
57	35
35	108
35	133
108	125
108	198
125	113
113	123
123	224
224	45
45	26
26	229
229	198
80	150
150	35
31	174
93	91
91	191
221	105
178	84
178	142
165	152
152	102
102	178
142	29
142	35
29	142
176	84
