# Directed graph: generated_songs/random_generated_jazz_song_14.txt 
# Nodes: 49 Edges: 87
# FromNodeId	ToNodeId
105	35
105	87
105	89
105	110
105	225
105	233
110	198
198	84
198	89
198	105
198	200
84	11
84	168
84	170
84	178
84	181
168	52
168	84
170	3
170	35
170	154
170	163
3	84
3	108
3	133
181	170
163	133
133	125
133	198
35	68
35	89
35	108
35	133
35	191
52	150
52	170
150	31
31	166
31	178
166	174
174	142
174	186
174	221
142	31
142	35
89	174
89	178
89	188
89	191
191	45
191	57
191	172
57	34
57	105
34	131
131	170
108	157
108	198
221	239
239	170
172	3
200	133
178	0
178	55
178	89
178	142
0	107
107	178
55	43
43	88
88	35
68	89
186	198
188	57
188	135
87	201
201	105
135	194
194	84
11	133
225	52
154	9
9	3
157	111
111	133
125	105
233	89
