# Directed graph: generated_songs/random_generated_jazz_song_40.txt 
# Nodes: 43 Edges: 78
# FromNodeId	ToNodeId
105	87
105	191
191	3
3	108
3	133
133	79
133	123
133	170
133	198
133	205
198	75
198	84
198	87
198	133
198	135
198	142
198	170
84	3
84	31
84	35
84	87
84	133
84	148
84	205
84	225
142	3
142	35
142	40
142	129
142	154
79	98
98	174
174	170
174	186
186	84
148	61
61	35
35	108
35	111
35	133
35	137
111	35
111	200
108	133
108	198
87	35
87	133
87	162
87	233
233	89
89	174
170	14
170	163
163	133
163	198
14	131
131	142
154	142
137	198
31	80
31	142
31	193
129	31
80	142
40	111
200	105
75	31
193	84
205	84
225	52
52	168
168	133
135	207
207	84
162	133
123	224
224	45
45	26
