# Directed graph: generated_songs/random_generated_jazz_song_72.txt 
# Nodes: 44 Edges: 84
# FromNodeId	ToNodeId
105	79
105	80
105	89
105	90
105	110
105	142
89	233
233	224
224	45
224	188
188	61
61	170
170	31
170	163
31	35
31	108
31	142
142	31
142	35
142	115
142	154
35	34
35	108
35	133
35	225
133	116
133	163
133	198
133	207
198	84
198	87
198	105
198	129
198	142
84	3
84	111
84	121
84	133
84	198
84	205
79	191
191	45
191	80
45	140
45	168
45	169
45	173
140	45
173	224
169	156
156	108
108	35
108	84
108	115
108	133
108	234
115	105
115	108
207	84
207	87
3	133
116	170
163	84
163	133
111	200
200	105
110	198
129	198
205	105
80	142
234	135
135	198
225	45
168	84
121	133
90	191
34	35
154	19
19	87
87	110
87	133
87	181
181	157
157	133
