# Directed graph: generated_songs/random_generated_jazz_song_96.txt 
# Nodes: 46 Edges: 86
# FromNodeId	ToNodeId
105	133
105	198
133	20
133	102
133	168
133	198
133	202
168	133
198	31
198	84
198	89
198	105
198	133
198	142
89	142
89	172
142	0
142	3
142	31
142	34
34	57
34	225
225	52
52	150
52	170
52	172
170	12
170	31
170	154
12	28
28	18
18	188
188	170
154	133
20	198
31	33
31	35
31	80
31	142
31	225
35	108
35	133
35	191
191	80
80	142
80	144
80	146
80	149
80	150
146	35
108	115
108	222
108	233
233	86
86	174
174	84
84	3
84	79
84	96
84	174
79	142
3	108
3	129
3	133
129	80
149	31
150	31
150	35
150	40
202	84
96	191
144	39
39	225
40	2
2	35
2	133
102	80
0	2
115	108
222	45
45	170
33	34
57	89
172	3
172	14
14	133
