# Directed graph: generated_songs/random_generated_jazz_song_3.txt 
# Nodes: 47 Edges: 78
# FromNodeId	ToNodeId
105	133
105	224
133	12
133	35
133	61
133	146
133	188
133	198
198	84
198	87
198	89
198	105
198	133
198	200
198	201
198	225
200	84
84	31
84	35
84	108
84	121
84	133
84	163
121	133
87	35
87	84
35	19
35	108
35	111
35	133
35	137
35	233
137	198
224	45
45	198
163	133
163	170
225	52
52	168
52	173
173	141
141	133
201	84
108	133
108	198
89	191
89	225
168	84
31	33
31	133
170	3
3	133
61	14
61	55
55	87
111	27
27	117
117	88
88	35
233	35
146	35
191	188
188	57
188	61
57	230
230	5
5	133
12	28
28	154
154	142
142	80
80	150
150	31
150	35
33	34
34	80
19	133
14	131
