# Directed graph: generated_songs/random_generated_jazz_song_41.txt 
# Nodes: 48 Edges: 83
# FromNodeId	ToNodeId
105	35
105	51
105	89
105	188
105	191
89	45
89	174
89	191
89	192
174	221
221	84
221	239
239	105
35	108
35	112
35	133
108	191
108	222
191	80
191	165
191	172
191	221
80	150
150	35
133	19
133	84
133	198
133	205
133	207
198	84
198	87
198	89
198	102
198	105
198	133
84	61
84	105
84	121
84	133
84	170
84	178
84	181
84	198
84	233
233	89
45	168
45	197
168	52
168	124
124	213
213	214
214	45
197	35
192	111
111	133
165	28
28	182
182	72
72	3
3	133
178	105
188	61
61	133
207	84
207	105
181	84
181	102
102	181
102	230
230	108
222	45
52	150
112	207
19	198
87	198
121	133
51	140
140	31
31	193
193	84
172	14
14	133
170	3
