# Directed graph: generated_songs/random_generated_jazz_song_37.txt 
# Nodes: 42 Edges: 73
# FromNodeId	ToNodeId
105	80
80	142
80	146
142	3
142	31
142	35
3	108
3	133
108	133
108	135
108	142
108	198
133	84
133	108
133	198
133	205
133	207
205	25
25	111
111	133
198	84
198	87
198	105
198	133
198	170
198	172
198	194
87	35
87	78
87	176
87	181
181	170
170	3
170	10
170	14
170	163
14	133
194	84
84	31
84	35
84	87
84	172
84	174
84	191
191	178
178	72
72	69
69	154
154	133
174	198
146	36
36	35
35	108
35	133
35	157
78	39
39	133
176	61
61	84
31	36
31	142
207	84
172	3
135	198
157	18
18	15
15	152
152	102
102	188
188	60
60	170
163	133
10	135
