# Directed graph: generated_songs/random_generated_jazz_song_80.txt 
# Nodes: 42 Edges: 76
# FromNodeId	ToNodeId
105	35
105	89
105	198
89	174
89	178
178	89
178	170
174	191
191	80
191	176
176	84
84	3
84	31
84	35
84	45
84	133
84	163
84	178
35	31
35	108
35	133
35	137
35	170
170	9
170	154
170	215
9	28
28	188
188	84
133	186
133	198
198	84
198	105
198	133
198	200
45	26
26	119
119	212
212	209
209	164
209	193
193	57
57	170
215	191
80	142
80	146
80	150
150	31
31	35
31	36
31	80
31	129
31	151
31	170
151	84
36	35
137	198
186	84
142	31
154	133
154	142
163	105
200	99
99	154
129	31
146	35
108	115
108	133
108	157
108	198
157	108
115	108
115	224
224	45
164	115
3	133
