# Directed graph: generated_songs/random_generated_jazz_song_28.txt 
# Nodes: 41 Edges: 74
# FromNodeId	ToNodeId
105	35
105	87
105	172
172	14
14	133
133	80
133	84
133	105
133	170
133	198
133	205
205	133
205	170
198	84
198	87
198	89
198	105
198	129
198	133
198	137
198	143
198	170
198	185
198	233
233	89
89	90
89	224
224	45
45	108
108	133
108	198
84	39
84	94
84	133
39	133
143	31
31	80
80	142
80	149
149	35
35	17
35	26
35	133
87	35
87	55
87	142
26	123
123	213
213	198
185	191
191	35
170	3
170	35
170	163
3	108
3	133
90	108
142	35
142	150
150	81
81	142
137	198
17	195
195	133
94	188
188	170
163	129
163	133
129	57
129	163
57	3
55	43
43	88
88	35
