# Directed graph: generated_songs/random_generated_jazz_song_32.txt 
# Nodes: 42 Edges: 84
# FromNodeId	ToNodeId
105	79
105	108
105	172
105	191
105	233
108	133
108	198
133	3
133	84
133	125
133	163
133	170
133	198
133	207
3	52
3	129
3	133
129	133
125	105
191	45
191	57
191	176
191	220
45	140
45	237
140	198
198	84
198	87
198	89
198	170
198	185
87	57
87	102
87	181
57	3
57	35
57	105
35	80
35	108
35	133
80	142
80	144
142	35
170	3
170	14
170	163
170	164
170	176
52	172
172	3
172	14
14	133
163	133
163	170
207	105
220	170
176	84
176	198
84	3
84	35
84	57
84	174
84	233
174	87
181	170
164	115
115	87
102	198
185	224
224	45
237	89
89	80
89	90
89	188
89	191
90	191
79	143
143	35
144	39
39	178
178	105
233	89
188	54
54	170
