# Directed graph: generated_songs/random_generated_jazz_song_38.txt 
# Nodes: 38 Edges: 74
# FromNodeId	ToNodeId
105	54
105	133
105	191
105	198
105	233
191	37
191	80
191	221
80	142
142	31
142	35
35	108
35	133
133	19
133	87
133	105
133	116
133	198
133	205
198	84
198	89
198	105
198	133
198	137
198	170
198	201
198	208
84	88
84	89
84	133
84	163
84	168
84	174
84	230
170	34
170	154
170	176
176	198
230	89
89	90
89	174
89	178
89	191
178	34
34	31
34	45
45	142
31	133
31	142
221	84
163	170
201	84
90	191
37	108
108	133
108	198
174	3
174	84
3	133
233	89
233	93
93	191
116	233
54	165
165	105
19	133
205	84
154	9
9	3
87	201
168	133
137	198
208	84
88	35
