# Directed graph: generated_songs/random_generated_rock_song_37.txt 
# Nodes: 35 Edges: 72
# FromNodeId	ToNodeId
44	5
44	13
44	55
44	72
44	81
44	101
44	105
44	114
44	117
101	13
101	27
101	44
101	52
101	114
13	70
13	101
13	114
114	13
114	17
114	27
114	44
114	46
114	55
114	70
114	78
114	101
78	57
57	105
105	13
105	17
27	44
27	47
27	50
27	101
47	101
17	44
17	138
138	13
117	10
10	45
45	25
25	28
28	115
115	122
122	102
102	44
72	95
95	70
95	101
55	13
55	44
55	95
70	13
70	44
70	95
70	114
52	76
76	13
76	73
73	0
0	67
67	76
81	27
81	33
81	131
50	5
5	81
33	101
33	124
124	5
131	27
46	105
