# Directed graph: generated_songs/random_generated_jazz_song_27.txt 
# Nodes: 46 Edges: 80
# FromNodeId	ToNodeId
105	111
105	170
105	191
191	170
191	233
233	95
95	192
192	130
130	205
205	25
205	207
205	208
208	84
84	35
84	89
84	163
84	170
163	129
163	170
129	135
129	142
135	198
135	207
198	37
198	84
198	87
198	105
198	170
198	205
89	102
102	99
102	178
102	179
178	34
178	84
178	99
99	102
99	178
99	188
34	181
181	102
179	72
72	35
35	108
35	111
35	133
108	35
108	133
111	200
111	205
200	99
188	57
57	152
152	102
133	115
133	198
25	35
115	105
170	3
170	14
170	31
170	35
170	163
170	187
3	129
3	133
14	135
207	105
207	170
31	61
61	6
6	8
8	22
22	125
125	135
187	198
142	35
37	172
172	3
87	108
