# Directed graph: generated_songs/random_generated_jazz_song_74.txt 
# Nodes: 51 Edges: 89
# FromNodeId	ToNodeId
105	89
105	178
105	198
198	84
198	87
198	102
198	105
198	133
198	172
198	201
198	204
89	90
89	191
90	191
191	84
191	165
165	102
102	178
102	189
189	57
189	198
84	11
84	89
84	133
84	174
84	176
84	223
133	3
133	80
133	125
133	163
133	168
133	198
133	205
205	35
35	14
35	137
137	198
204	105
178	34
178	99
178	142
178	221
34	83
83	45
45	26
45	105
45	168
45	173
168	52
168	133
52	170
170	3
170	133
3	84
3	129
3	133
174	15
15	133
80	150
150	31
31	45
173	141
173	170
125	113
113	123
123	224
224	173
141	237
237	225
225	45
26	229
229	198
201	84
11	133
163	198
172	14
14	110
14	133
110	133
223	45
99	178
99	189
57	170
129	198
142	178
221	84
176	35
87	133
