# Directed graph: generated_songs/random_generated_jazz_song_18.txt 
# Nodes: 49 Edges: 87
# FromNodeId	ToNodeId
105	3
105	35
105	164
105	170
105	172
105	178
105	191
105	213
213	191
191	57
191	135
135	174
135	207
174	84
84	3
84	19
84	121
84	176
84	187
121	133
133	12
133	57
133	115
133	170
133	198
198	84
198	105
198	133
198	225
198	233
225	52
225	185
52	168
52	181
168	191
207	87
87	133
233	89
233	95
95	192
192	130
130	205
205	105
170	3
170	10
170	35
3	108
3	129
3	133
108	115
108	133
35	34
35	133
35	233
89	129
89	225
185	105
164	115
115	105
115	108
115	224
224	45
45	84
45	170
57	89
57	152
129	186
129	198
186	84
176	198
152	123
123	224
34	225
181	170
10	111
111	133
19	112
112	198
172	14
14	133
187	101
187	198
12	133
178	221
221	187
101	37
37	108
