# Directed graph: generated_songs/random_generated_jazz_song_61.txt 
# Nodes: 48 Edges: 78
# FromNodeId	ToNodeId
105	35
105	79
105	233
233	89
89	129
89	188
188	57
188	62
57	105
57	164
57	230
230	72
72	69
69	154
154	28
154	57
154	133
154	142
28	154
79	148
148	150
150	35
35	108
35	233
129	198
198	84
198	87
198	133
198	170
198	229
170	5
170	176
5	3
3	108
3	133
133	170
133	188
133	198
133	205
176	221
221	187
187	105
108	129
108	133
108	198
84	3
84	31
84	108
84	133
84	178
84	191
178	37
178	99
37	108
87	84
87	108
191	84
62	153
153	154
205	25
25	232
232	178
99	188
164	19
19	154
142	0
142	225
0	142
225	45
45	140
140	122
140	163
122	224
224	45
163	133
229	198
31	80
80	150
