# Directed graph: generated_songs/random_generated_jazz_song_62.txt 
# Nodes: 39 Edges: 80
# FromNodeId	ToNodeId
105	35
105	121
105	191
191	35
191	57
191	84
57	164
164	133
133	198
133	200
133	205
198	84
198	87
198	89
198	105
198	129
198	133
198	170
87	35
87	37
87	55
87	133
87	225
55	43
55	69
69	174
174	111
174	221
221	84
84	3
84	31
84	35
84	87
84	89
84	133
84	233
233	93
93	191
35	108
35	110
35	133
35	225
37	108
108	133
108	198
108	230
230	89
89	133
89	191
3	108
3	111
3	129
3	133
225	52
52	168
52	170
170	3
170	31
111	133
111	207
31	61
31	181
181	102
102	188
188	69
207	84
207	105
121	133
205	198
205	207
129	80
129	198
61	55
61	133
43	87
168	198
80	150
150	31
200	84
110	133
