# Directed graph: generated_songs/random_generated_jazz_song_22.txt 
# Nodes: 39 Edges: 72
# FromNodeId	ToNodeId
105	121
105	135
105	163
135	206
206	94
94	188
188	170
170	3
170	14
170	133
170	150
170	187
14	133
133	125
133	170
133	198
133	205
133	207
198	84
198	89
198	105
198	137
198	170
163	129
163	133
163	198
84	3
84	19
84	35
84	111
84	121
84	154
84	163
84	178
84	181
84	198
154	19
19	198
3	5
3	133
207	84
207	87
87	56
56	31
31	36
31	108
31	170
36	35
35	14
35	89
35	133
89	57
89	174
174	35
174	220
125	114
114	88
88	35
181	170
150	35
121	133
205	84
220	31
108	233
233	89
57	3
111	133
137	198
178	170
5	133
129	31
187	87
