# Directed graph: generated_songs/random_generated_jazz_song_68.txt 
# Nodes: 43 Edges: 83
# FromNodeId	ToNodeId
105	35
105	133
105	191
35	154
35	197
35	233
233	89
89	1
89	187
89	191
89	213
191	80
191	133
191	170
191	186
133	3
133	188
133	198
133	207
133	233
213	82
213	178
82	128
128	108
108	35
108	137
108	198
197	25
25	233
1	17
17	195
195	84
84	57
84	89
84	105
84	154
84	170
84	174
84	176
84	186
84	200
84	233
57	105
57	170
170	3
170	14
14	133
198	84
198	133
198	200
198	201
200	93
200	142
93	91
91	176
176	84
176	221
221	188
188	57
188	84
201	84
187	84
174	84
186	84
142	3
142	31
142	35
31	80
31	168
80	142
80	150
3	129
3	133
207	104
104	80
154	108
154	133
137	198
129	198
150	31
168	230
230	213
178	108
