# Directed graph: generated_songs/random_generated_jazz_song_42.txt 
# Nodes: 46 Edges: 77
# FromNodeId	ToNodeId
105	35
105	84
105	111
35	69
35	108
35	133
108	198
108	200
108	215
198	37
198	84
198	102
198	105
198	133
198	170
198	233
37	108
200	84
84	3
84	35
84	133
84	140
84	142
84	168
84	172
3	133
133	111
133	198
133	205
133	207
170	176
176	187
187	84
140	123
123	213
213	198
102	135
135	198
168	31
31	35
31	36
31	129
31	169
215	191
191	142
142	0
142	31
142	34
142	35
129	3
205	106
106	154
154	133
154	142
0	209
209	193
193	112
112	207
207	84
207	104
111	199
111	207
199	198
169	124
124	34
34	57
34	181
57	105
36	35
69	154
233	35
172	14
14	110
110	133
104	80
80	142
181	111
