# Directed graph: generated_songs/random_generated_jazz_song_50.txt 
# Nodes: 42 Edges: 77
# FromNodeId	ToNodeId
105	35
105	102
105	133
105	178
105	191
178	84
178	99
99	37
37	108
108	31
108	115
108	157
108	198
157	133
133	53
133	57
133	115
133	168
133	170
133	187
133	198
133	204
133	205
133	207
198	84
198	105
198	133
198	224
84	35
84	133
84	163
84	176
84	198
176	198
53	133
170	31
170	35
31	13
31	45
31	80
31	133
31	142
142	31
142	35
35	108
35	133
168	31
13	14
14	133
205	25
25	31
45	180
180	148
148	61
61	6
61	133
6	133
207	84
163	133
115	105
57	165
165	167
167	188
188	61
102	80
80	150
80	178
150	31
150	35
224	191
191	80
191	172
172	14
187	84
204	106
106	87
87	108
