# Directed graph: generated_songs/random_generated_jazz_song_85.txt 
# Nodes: 44 Edges: 84
# FromNodeId	ToNodeId
105	87
105	133
105	142
105	191
142	31
142	35
142	154
154	142
35	108
35	197
108	188
108	198
198	31
198	84
198	105
198	111
198	170
198	208
198	231
170	3
170	14
3	52
3	129
3	133
52	150
52	168
150	31
31	133
31	172
31	224
31	236
236	89
89	57
89	102
89	168
89	174
89	213
213	191
191	133
191	225
133	87
133	163
133	198
133	200
84	35
84	89
84	108
84	163
84	170
197	25
25	31
111	186
186	84
102	178
178	188
188	57
188	135
57	105
57	170
163	110
163	131
163	133
200	84
200	93
93	174
174	84
174	186
131	170
129	200
168	84
168	133
87	37
87	198
37	133
208	84
14	133
231	93
135	198
225	52
224	45
45	142
172	4
4	133
110	198
