# Directed graph: generated_songs/random_generated_jazz_song_69.txt 
# Nodes: 47 Edges: 81
# FromNodeId	ToNodeId
105	35
105	57
105	79
105	149
105	170
105	225
35	3
35	127
35	133
35	233
133	84
133	188
133	198
133	200
133	207
84	31
84	35
84	89
84	163
84	223
163	133
198	84
198	87
198	105
198	133
170	12
170	35
170	163
3	52
52	170
12	107
107	191
191	84
191	165
191	221
165	105
165	233
233	89
89	90
89	174
89	191
174	84
174	186
221	106
106	80
80	57
80	142
142	31
31	35
31	80
31	172
127	108
108	133
188	57
57	105
57	164
57	165
57	170
225	144
144	57
164	133
207	84
207	105
79	142
172	14
14	19
19	125
125	88
88	35
87	35
200	22
22	105
149	35
90	191
223	183
183	173
173	141
141	237
237	89
186	190
190	188
