# Directed graph: generated_songs/random_generated_rock_song_40.txt 
# Nodes: 32 Edges: 75
# FromNodeId	ToNodeId
44	17
44	26
44	27
44	39
44	47
44	61
44	70
44	81
44	101
44	102
44	114
27	44
27	50
50	27
81	27
81	108
81	109
109	64
64	81
17	55
17	70
17	114
114	13
114	39
114	44
114	70
114	101
101	13
101	27
101	44
101	114
61	5
61	11
61	34
61	121
121	61
121	76
121	88
76	0
76	13
76	24
13	70
13	76
13	114
0	11
0	24
0	55
0	61
0	127
5	33
5	101
33	121
33	124
24	0
24	67
55	0
55	95
67	0
11	0
11	88
127	55
34	81
108	44
26	57
57	44
95	70
70	0
70	44
70	101
70	114
102	44
47	101
39	61
39	114
88	61
