# Directed graph: generated_songs/random_generated_jazz_song_86.txt 
# Nodes: 44 Edges: 78
# FromNodeId	ToNodeId
105	54
105	125
105	143
105	178
105	225
225	185
185	191
191	84
191	133
191	135
133	198
133	200
133	205
205	84
205	174
174	168
174	170
168	52
52	170
170	3
170	14
3	129
3	133
200	87
87	105
87	142
87	181
178	55
178	72
55	67
67	174
198	84
198	87
198	89
198	105
198	170
198	205
84	3
84	89
84	133
84	142
84	170
89	178
89	191
72	80
80	142
80	150
142	3
142	35
35	19
35	34
35	108
108	198
129	80
150	35
19	113
19	125
19	198
14	133
113	164
164	19
125	94
94	188
188	57
57	105
57	165
165	102
165	198
102	230
230	213
213	198
181	143
143	31
143	35
34	133
54	165
135	198
31	108
