# Directed graph: generated_songs/random_generated_rock_song_32.txt 
# Nodes: 31 Edges: 70
# FromNodeId	ToNodeId
44	13
44	24
44	27
44	53
44	70
44	101
44	112
44	114
44	138
112	44
114	0
114	13
114	44
114	46
114	70
114	76
114	101
0	24
0	61
24	0
24	44
24	67
24	76
61	81
81	27
81	91
27	37
27	44
27	101
37	5
5	33
5	81
5	101
91	50
50	5
33	5
101	13
101	27
101	44
101	55
101	114
76	13
76	24
76	114
76	127
127	55
127	76
138	13
13	44
13	55
13	95
13	101
13	114
95	72
72	44
55	39
55	44
55	76
55	114
67	76
46	105
105	114
70	44
70	101
53	102
102	55
39	78
78	130
130	121
121	76
