# Directed graph: generated_songs/random_generated_jazz_song_34.txt 
# Nodes: 42 Edges: 82
# FromNodeId	ToNodeId
105	89
105	102
105	133
105	191
191	80
191	133
191	165
191	176
133	3
133	102
133	108
133	198
133	202
133	205
108	111
108	133
108	191
108	198
176	133
198	25
198	84
198	87
198	89
198	105
89	174
89	188
89	191
80	142
80	150
150	34
150	40
40	2
2	142
142	31
142	35
31	35
31	80
31	108
31	142
31	170
3	129
129	80
129	198
84	89
84	133
84	168
84	230
202	84
230	5
5	129
34	57
57	152
57	165
152	35
35	108
35	133
35	170
35	225
205	84
205	106
106	80
225	52
52	170
170	3
170	31
168	133
165	37
165	153
153	108
87	35
111	35
111	133
25	111
102	135
102	178
178	108
135	207
207	84
174	186
186	84
188	57
37	108
