# Directed graph: generated_songs/random_generated_jazz_song_97.txt 
# Nodes: 44 Edges: 84
# FromNodeId	ToNodeId
105	35
105	233
233	89
89	3
89	102
89	176
89	191
102	80
80	57
80	142
80	150
142	31
142	174
174	93
93	117
93	191
117	93
191	45
191	80
191	133
133	3
133	170
133	187
133	198
133	205
198	31
198	84
198	87
198	105
198	133
198	170
84	3
84	133
84	168
84	191
84	233
170	3
170	162
170	163
170	224
163	133
3	107
3	108
3	129
3	133
205	84
205	133
45	170
224	52
52	168
52	181
168	34
168	52
34	181
181	84
181	208
162	133
35	69
35	111
35	133
69	154
154	142
154	234
31	35
31	80
31	131
131	14
14	133
129	133
129	198
150	31
57	35
111	233
176	84
176	188
188	69
234	89
107	0
0	3
108	198
87	176
187	207
207	84
208	84
