# Directed graph: generated_songs/random_generated_jazz_song_35.txt 
# Nodes: 50 Edges: 82
# FromNodeId	ToNodeId
105	54
105	87
105	102
105	142
142	0
142	31
142	34
34	70
34	111
34	181
111	133
133	35
133	105
133	188
133	198
133	205
133	207
207	84
207	170
84	39
84	105
84	133
84	163
84	174
174	31
174	108
174	198
198	84
198	106
163	133
106	87
87	55
87	225
55	67
67	174
31	36
31	178
178	34
178	99
70	147
147	34
181	208
208	84
54	3
54	5
5	111
35	3
35	108
3	108
3	133
170	3
188	54
188	57
188	100
57	105
102	178
99	37
99	154
37	233
233	89
89	174
89	188
108	133
108	157
108	198
39	178
154	133
205	233
157	18
18	15
15	23
23	113
113	224
224	191
191	80
80	142
0	79
79	142
36	35
225	188
100	46
46	100
