# Directed graph: generated_songs/random_generated_jazz_song_45.txt 
# Nodes: 46 Edges: 82
# FromNodeId	ToNodeId
105	35
105	108
105	149
105	191
35	89
35	108
35	133
35	170
170	12
170	14
170	188
14	129
14	133
129	31
129	174
129	198
174	19
174	84
19	198
198	84
198	87
198	89
198	105
198	133
198	172
198	200
89	174
89	191
191	45
191	80
191	220
45	79
45	168
168	34
168	84
34	131
131	14
131	53
53	131
133	84
133	198
133	205
84	108
84	133
84	168
84	172
84	176
84	200
84	205
200	84
200	102
102	178
178	105
108	112
108	133
172	3
3	129
31	36
31	133
80	142
142	35
220	84
205	25
205	170
12	133
87	224
224	45
79	146
146	35
188	69
69	157
157	161
161	154
154	28
28	130
130	205
25	35
176	198
149	31
36	35
112	207
207	170
