# Directed graph: generated_songs/random_generated_rock_song_2.txt 
# Nodes: 33 Edges: 75
# FromNodeId	ToNodeId
44	13
44	27
44	55
44	70
44	101
44	114
70	13
70	44
70	95
70	101
70	114
101	44
101	70
101	76
101	104
101	114
95	44
95	70
95	72
95	114
95	127
72	95
114	13
114	17
114	44
114	55
114	101
55	39
55	44
55	76
55	95
55	101
55	114
39	55
39	114
13	44
13	70
13	95
13	105
17	70
76	0
76	73
73	0
0	55
0	61
0	67
61	5
5	27
5	81
81	5
81	33
81	38
81	91
81	109
38	24
24	39
27	50
27	81
27	114
27	131
50	27
127	106
106	0
67	0
67	123
123	39
105	13
104	27
131	90
90	91
91	51
51	5
33	81
109	29
29	55
