# Directed graph: generated_songs/random_generated_jazz_song_98.txt 
# Nodes: 53 Edges: 87
# FromNodeId	ToNodeId
105	135
105	198
105	233
233	35
233	89
233	219
35	30
35	34
35	45
35	133
35	225
45	26
45	180
26	224
224	45
180	148
148	150
150	81
81	142
142	3
142	31
31	36
31	133
31	181
36	35
225	52
225	188
188	61
61	55
55	43
43	88
88	35
133	198
133	200
133	207
198	75
198	79
198	84
198	87
198	105
198	163
198	172
198	231
84	5
84	121
84	133
200	84
5	3
3	108
3	111
3	133
108	198
79	142
181	35
30	40
40	35
40	108
34	3
34	225
52	142
52	172
172	3
172	14
14	40
163	170
170	12
12	107
107	35
75	31
231	89
89	57
89	174
89	187
187	84
187	169
121	133
121	198
135	116
116	105
174	187
169	124
124	34
111	133
207	87
87	89
87	233
219	52
