# Directed graph: generated_songs/random_generated_jazz_song_81.txt 
# Nodes: 45 Edges: 81
# FromNodeId	ToNodeId
105	89
105	143
105	172
105	198
198	31
198	84
198	89
198	105
198	142
198	172
89	45
89	129
89	188
89	191
45	26
45	140
45	180
45	233
233	89
180	148
148	61
61	6
6	22
22	133
22	205
133	125
133	170
133	198
125	105
143	142
142	3
142	31
142	34
142	35
142	154
3	108
3	129
3	133
3	187
188	62
62	153
153	28
28	198
84	35
84	39
84	133
84	172
172	3
108	133
108	198
35	3
35	22
35	191
191	57
191	80
80	142
154	133
129	47
129	142
129	162
129	198
34	181
181	157
157	133
170	3
170	35
162	170
47	45
140	224
224	45
26	115
115	108
31	97
31	142
187	84
57	164
164	170
205	106
106	80
97	84
39	133
