# Directed graph: generated_songs/random_generated_rock_song_76.txt 
# Nodes: 31 Edges: 74
# FromNodeId	ToNodeId
44	13
44	17
44	27
44	52
44	53
44	55
44	70
44	78
44	95
44	101
44	114
44	131
44	138
53	102
102	44
114	3
114	13
114	27
114	44
114	55
114	101
114	105
105	44
105	74
105	114
105	119
52	70
70	44
70	101
70	114
138	17
17	44
17	105
27	50
27	70
27	101
101	5
101	13
101	44
101	55
101	114
101	131
55	13
55	44
55	114
13	17
13	39
13	44
13	46
13	101
13	114
50	108
108	44
5	81
81	27
81	33
131	81
131	90
131	110
110	13
110	44
46	105
119	20
20	105
39	55
74	55
3	55
95	101
95	110
90	91
91	27
33	101
78	0
0	101
