# Directed graph: generated_songs/random_generated_jazz_song_55.txt 
# Nodes: 39 Edges: 73
# FromNodeId	ToNodeId
105	54
105	80
105	133
105	170
105	191
80	142
80	146
80	150
150	35
35	108
35	133
133	198
133	202
198	3
198	84
198	87
198	89
198	105
198	133
198	200
198	201
200	84
84	3
84	11
84	19
84	35
84	89
84	133
84	163
84	174
84	176
19	135
135	80
135	207
142	31
142	35
31	80
31	129
31	133
31	135
146	142
87	186
87	198
191	108
108	193
108	198
174	220
174	221
174	233
220	84
221	84
89	57
89	142
89	174
207	84
3	133
201	84
176	84
163	133
54	165
165	12
12	109
109	205
205	105
186	84
57	154
154	142
193	84
233	89
129	198
170	35
11	133
202	84
