# Directed graph: generated_songs/random_generated_jazz_song_13.txt 
# Nodes: 46 Edges: 85
# FromNodeId	ToNodeId
105	3
105	89
105	90
105	225
89	176
89	191
191	168
191	221
168	52
168	84
84	11
84	24
84	35
84	152
84	163
84	168
84	174
84	176
84	181
84	188
181	111
181	170
111	186
186	84
174	186
174	198
174	221
198	31
198	84
198	87
198	105
198	133
3	108
3	129
108	113
108	198
113	135
135	205
205	84
221	84
221	105
221	239
11	133
133	80
133	84
133	105
133	198
133	207
80	57
80	142
80	150
150	172
172	14
14	108
14	133
188	60
60	170
170	3
170	10
170	14
170	31
31	36
31	181
10	133
35	133
35	137
225	80
142	31
36	35
137	198
176	84
176	221
90	191
239	170
129	3
163	133
207	84
24	35
87	57
57	165
57	170
152	102
102	178
178	89
52	80
