# Directed graph: generated_songs/random_generated_jazz_song_91.txt 
# Nodes: 53 Edges: 87
# FromNodeId	ToNodeId
105	35
105	54
105	80
105	172
172	3
3	52
3	108
3	133
3	198
108	115
108	193
115	105
115	108
54	31
31	80
31	111
31	142
31	176
31	193
80	142
80	150
80	178
150	31
150	35
35	108
35	133
35	157
35	233
133	118
133	188
133	198
133	202
118	87
87	55
87	121
121	133
188	57
57	34
57	35
34	80
142	0
142	3
142	31
0	3
0	79
79	142
198	31
198	84
198	87
55	43
43	88
88	35
233	95
95	192
192	130
130	205
205	123
123	12
123	219
219	45
45	180
180	148
148	61
61	170
170	154
170	163
163	105
193	31
193	123
176	170
154	142
111	112
112	125
125	94
94	188
84	3
84	88
84	133
12	133
202	84
52	80
178	108
157	18
18	23
23	18
23	113
113	115
