# Directed graph: generated_songs/random_generated_jazz_song_67.txt 
# Nodes: 45 Edges: 84
# FromNodeId	ToNodeId
105	102
105	135
105	164
102	188
102	230
188	57
57	164
57	170
170	35
35	19
35	133
35	137
35	191
191	5
191	80
5	133
133	57
133	84
133	150
133	198
133	200
84	45
84	133
84	168
84	174
168	3
168	84
168	213
213	224
224	45
45	133
45	140
45	168
140	122
140	163
122	224
198	84
198	87
198	105
198	133
198	142
198	178
3	111
3	129
3	133
129	84
129	133
129	142
174	221
221	198
87	35
87	37
87	140
87	162
163	129
164	19
164	133
135	198
37	108
108	31
31	142
142	0
142	3
142	191
80	150
150	31
150	35
19	87
19	133
137	198
162	133
200	99
99	102
230	3
111	198
178	72
72	69
69	35
69	154
154	69
0	3
0	209
209	195
195	133
