# Directed graph: generated_songs/random_generated_jazz_song_77.txt 
# Nodes: 46 Edges: 84
# FromNodeId	ToNodeId
105	80
105	121
105	142
105	172
105	225
121	129
129	142
129	198
198	25
198	31
198	79
198	84
198	105
198	133
198	137
198	208
137	198
84	133
84	142
84	148
84	163
84	172
163	133
133	188
133	198
133	205
133	207
207	105
225	45
225	52
45	188
45	198
79	98
79	142
142	3
142	31
142	35
142	115
142	154
35	108
35	111
35	133
35	191
35	224
224	45
188	57
188	69
69	155
155	79
115	105
172	3
3	107
3	129
3	133
57	105
57	170
80	142
154	19
19	84
52	168
168	133
25	233
233	89
89	174
174	221
221	198
31	35
31	36
36	35
111	133
208	84
148	40
40	79
98	3
107	0
107	35
0	107
108	188
108	205
170	35
205	35
205	84
191	146
146	36
