# Directed graph: generated_songs/random_generated_jazz_song_53.txt 
# Nodes: 30 Edges: 65
# FromNodeId	ToNodeId
105	35
105	133
105	191
133	12
133	35
133	87
133	198
133	207
198	35
198	84
198	87
198	105
198	137
198	170
198	172
198	208
198	225
84	3
84	31
84	87
84	108
84	133
84	163
84	168
84	198
168	52
168	133
163	84
163	133
170	14
170	163
87	108
87	121
87	181
181	39
39	133
121	133
12	133
208	84
3	133
137	198
172	14
14	133
14	135
135	198
225	80
80	142
80	150
150	31
150	35
31	108
31	133
31	149
149	35
35	108
35	133
108	84
108	133
108	198
108	205
191	80
142	80
207	84
52	150
205	84
