# Directed graph: generated_songs/random_generated_jazz_song_84.txt 
# Nodes: 45 Edges: 85
# FromNodeId	ToNodeId
105	35
105	133
105	233
233	86
233	89
86	174
174	84
174	142
174	198
174	221
84	45
84	61
84	89
84	133
84	142
84	163
84	174
84	178
84	233
178	84
178	89
178	170
89	45
89	174
89	191
221	239
239	170
170	3
170	133
170	165
3	5
3	133
133	61
133	84
133	198
133	202
133	205
133	207
133	224
61	6
61	165
165	102
165	164
164	19
19	198
198	84
198	133
198	225
225	52
52	170
142	3
142	35
35	112
35	157
35	178
102	178
6	8
8	22
22	105
202	84
191	72
72	35
157	111
111	162
111	186
186	84
207	84
207	104
207	105
112	205
205	84
205	207
104	80
80	150
150	34
34	3
5	111
162	89
45	140
45	142
45	168
140	45
168	174
163	133
224	45
