# Directed graph: generated_songs/random_generated_jazz_song_20.txt 
# Nodes: 41 Edges: 80
# FromNodeId	ToNodeId
105	89
105	90
105	172
105	178
105	224
90	178
178	89
178	99
178	108
178	142
178	200
200	93
200	105
93	91
91	191
191	80
80	142
80	150
80	178
142	31
142	178
31	36
36	35
35	19
35	22
35	108
35	133
35	233
108	84
108	133
108	188
108	194
108	198
108	237
237	35
133	80
133	170
133	198
133	205
133	207
198	84
198	105
198	170
170	3
170	5
170	14
170	35
170	163
14	19
14	133
19	84
19	135
84	35
84	163
84	198
89	102
89	191
89	213
150	35
5	108
194	198
163	133
205	170
207	105
172	3
3	108
213	185
185	224
224	45
45	108
45	140
140	45
140	198
135	200
22	205
99	188
188	57
188	170
233	89
102	178
