# Directed graph: generated_songs/random_generated_jazz_song_56.txt 
# Nodes: 38 Edges: 79
# FromNodeId	ToNodeId
105	89
105	98
105	133
105	164
105	198
105	233
233	89
89	176
176	133
133	168
133	198
133	207
168	84
84	3
84	31
84	61
84	133
84	163
84	170
84	174
84	198
174	84
174	142
174	187
174	198
170	3
170	31
3	80
3	108
3	129
3	133
129	53
129	186
129	200
186	105
164	19
19	125
125	133
198	84
198	87
198	105
198	133
198	142
198	170
198	174
198	200
142	3
142	35
35	34
35	110
35	111
35	133
111	25
111	133
87	133
98	174
31	80
31	129
31	149
31	174
187	84
61	108
108	198
207	84
207	105
80	142
80	150
150	35
34	31
53	131
131	170
200	102
200	105
102	181
181	111
25	31
149	35
110	133
163	133
