# Directed graph: generated_songs/random_generated_jazz_song_17.txt 
# Nodes: 40 Edges: 79
# FromNodeId	ToNodeId
105	35
105	133
105	191
105	233
133	84
133	146
133	198
133	200
133	207
198	84
198	87
198	133
198	170
198	201
84	3
84	35
84	142
84	187
84	198
84	205
84	233
3	107
3	108
3	129
3	133
3	187
107	0
0	107
0	142
142	3
142	31
142	35
35	30
35	45
35	111
35	133
35	233
45	142
129	31
129	198
31	3
31	79
31	170
31	193
170	3
108	133
108	198
200	105
191	176
191	198
205	207
207	84
207	105
233	89
233	93
89	3
89	191
176	221
221	105
30	133
93	192
192	74
74	226
226	52
52	80
80	150
150	31
193	84
111	117
111	133
117	106
106	35
201	84
146	142
187	84
187	105
79	142
87	110
110	108
