# Directed graph: generated_songs/random_generated_jazz_song_43.txt 
# Nodes: 44 Edges: 81
# FromNodeId	ToNodeId
105	14
105	89
105	191
14	129
129	80
129	133
80	143
80	150
150	31
31	52
31	80
31	142
31	178
31	181
31	191
31	225
178	34
34	31
181	35
35	154
35	157
154	19
154	28
28	18
28	135
135	207
207	105
89	191
191	80
191	188
191	220
220	170
170	3
170	5
170	176
5	133
133	3
133	198
198	25
198	84
198	105
198	129
198	133
198	170
198	200
200	87
87	79
87	225
225	45
45	142
45	169
169	31
142	3
142	31
3	129
3	133
3	188
3	198
84	3
84	168
168	52
168	213
52	168
52	170
213	185
185	87
79	142
143	31
176	57
176	84
188	57
57	3
57	105
57	165
57	170
25	35
157	28
18	133
165	164
164	19
19	154
