# Directed graph: generated_songs/random_generated_rock_song_44.txt 
# Nodes: 30 Edges: 63
# FromNodeId	ToNodeId
44	13
44	27
44	52
44	55
44	101
44	105
44	114
44	138
114	0
114	13
114	44
114	55
114	101
101	44
101	50
101	70
101	114
70	44
27	5
27	37
27	44
27	50
27	53
27	91
27	101
55	0
55	13
55	131
13	44
13	96
13	101
13	114
96	44
0	39
0	127
39	55
127	76
76	78
76	101
138	114
50	27
50	81
81	27
91	51
51	5
51	131
131	51
131	81
5	33
5	108
33	88
88	99
99	127
78	13
108	44
105	13
105	17
17	44
17	105
37	27
53	102
102	44
52	101
