# Directed graph: generated_songs/random_generated_jazz_song_36.txt 
# Nodes: 50 Edges: 85
# FromNodeId	ToNodeId
105	133
105	225
225	45
225	144
144	32
32	80
32	218
218	48
48	170
170	3
170	102
3	129
3	133
129	14
129	53
14	108
14	112
14	129
14	133
133	12
133	108
133	188
133	198
198	31
198	75
198	84
198	87
198	133
198	143
198	172
143	31
31	131
31	142
31	151
31	174
31	225
80	150
150	31
150	57
57	105
57	170
102	80
142	31
142	40
131	14
112	84
84	3
84	14
84	35
84	45
84	223
35	111
35	133
111	117
117	87
87	35
87	78
172	4
172	14
53	133
108	133
45	173
173	141
173	164
173	185
141	237
237	198
75	31
174	221
174	233
233	89
89	174
221	198
151	84
223	183
183	173
164	133
188	57
78	39
39	225
185	191
191	142
40	172
4	133
12	133
