# Directed graph: generated_songs/random_generated_rock_song_9.txt 
# Nodes: 29 Edges: 70
# FromNodeId	ToNodeId
44	5
44	27
44	50
44	70
44	76
44	101
44	103
44	114
44	133
101	27
101	44
101	70
101	76
101	114
101	117
101	118
76	0
76	39
76	101
39	0
39	101
70	13
70	44
70	131
5	114
5	121
121	5
121	76
0	39
0	55
0	127
55	0
55	13
127	26
26	13
13	44
13	70
13	95
13	96
13	101
13	114
95	114
114	13
114	44
114	55
114	101
114	117
118	117
117	44
117	101
133	101
96	3
3	132
132	66
66	101
50	5
50	81
50	131
81	27
81	50
81	109
109	64
64	81
27	50
27	70
27	81
131	44
131	110
103	13
110	13
