# Directed graph: generated_songs/smart_generated_jazz_song_6.txt 
# Nodes: 38 Edges: 100
# FromNodeId	ToNodeId
217	123
123	224
224	191
191	233
233	89
89	89
89	90
90	108
108	135
135	200
200	89
89	168
168	133
133	105
105	133
133	57
57	19
19	133
133	186
186	133
133	102
102	105
105	108
108	133
133	3
3	107
107	35
35	3
3	80
80	224
224	108
108	188
188	133
133	5
5	3
3	80
80	150
150	133
133	57
57	3
3	211
211	175
175	142
142	35
35	3
3	80
80	142
142	35
35	34
34	35
35	3
3	5
5	3
3	80
80	142
142	129
129	174
174	31
31	89
89	225
225	233
233	89
89	174
174	170
170	89
89	89
89	133
133	200
200	133
133	84
84	198
198	89
89	233
233	224
224	191
191	31
31	133
133	105
105	115
115	105
105	133
133	125
125	142
142	129
129	102
102	188
188	198
198	108
108	133
133	105
105	133
133	188
188	133
133	125
125	133
133	105
105	142
142	35
35	61
61	108
