# Directed graph: ../data/song_graphs/rock_graphs/1.txt 
# Save as tab-separated list of edges
# Nodes: 139 Edges: 84
# FromNodeId	ToNodeId
39	114
114	55
55	0
0	39
39	114
114	55
55	0
0	39
39	114
114	55
55	0
0	39
39	114
114	55
55	0
0	114
114	0
0	39
39	55
55	114
114	0
0	39
39	114
114	55
55	0
0	39
39	114
114	55
55	0
0	39
39	114
114	55
55	0
0	39
39	114
114	55
55	0
0	114
114	0
0	39
39	55
55	114
114	0
0	39
39	55
55	0
0	39
39	114
114	55
55	0
0	39
39	114
114	55
55	0
0	114
114	0
0	39
39	0
0	55
55	128
128	114
114	0
0	121
121	130
130	39
39	114
114	55
55	0
0	39
39	114
114	55
55	0
0	39
39	114
114	55
55	0
0	39
39	114
114	55
55	0
0	39
39	114
114	55
55	0
