# Directed graph: ../data/song_graphs/rock_graphs/110.txt 
# Save as tab-separated list of edges
# Nodes: 139 Edges: 133
# FromNodeId	ToNodeId
24	114
114	55
55	0
0	76
76	101
101	70
70	101
101	70
70	13
13	70
70	13
13	114
114	44
44	70
70	44
44	70
70	13
13	114
114	44
44	70
70	44
44	70
70	13
13	114
114	101
101	70
70	101
101	70
70	13
13	70
70	13
13	114
114	44
44	70
70	44
44	70
70	13
13	114
114	44
44	70
70	44
44	70
70	13
13	114
114	44
44	114
114	70
70	114
114	44
44	114
114	70
70	114
114	13
13	101
101	114
114	44
44	70
70	44
44	70
70	13
13	114
114	44
44	70
70	44
44	70
70	13
13	114
114	44
44	114
114	70
70	114
114	44
44	114
114	70
70	114
114	13
13	44
44	114
114	70
70	114
114	44
44	114
114	70
70	114
114	13
13	114
114	13
13	114
114	44
44	70
70	76
76	101
101	114
114	76
76	13
13	101
101	114
114	13
13	101
101	114
114	76
76	13
13	114
114	76
76	44
44	114
114	70
70	114
114	44
44	114
114	70
70	114
114	13
13	44
44	114
114	70
70	114
114	44
44	114
114	70
70	114
114	13
13	101
101	70
70	101
101	70
70	13
13	70
70	13
13	114
114	70
70	13
13	114
