# Directed graph: ../data/song_graphs/rock_graphs/113.txt 
# Save as tab-separated list of edges
# Nodes: 139 Edges: 77
# FromNodeId	ToNodeId
55	0
0	39
39	114
114	55
55	114
114	39
39	114
114	55
55	114
114	39
39	0
0	114
114	0
0	39
39	55
55	114
114	0
0	39
39	114
114	0
0	55
55	0
0	39
39	114
114	0
0	55
55	114
114	39
39	0
0	114
114	0
0	39
39	55
55	114
114	0
0	39
39	114
114	0
0	55
55	0
0	39
39	114
114	0
0	55
55	0
0	39
39	114
114	0
0	55
55	0
0	39
39	114
114	0
0	39
39	114
114	55
55	0
0	39
39	114
114	55
55	0
0	55
55	0
0	39
39	114
114	0
0	76
76	24
24	67
67	0
0	24
24	76
76	24
24	67
67	0
0	24
24	76
