# Directed graph: ../data/song_graphs/rock_graphs/115.txt 
# Save as tab-separated list of edges
# Nodes: 139 Edges: 140
# FromNodeId	ToNodeId
44	52
52	101
101	70
70	117
117	44
44	52
52	101
101	70
70	117
117	44
44	52
52	101
101	70
70	101
101	44
44	52
52	101
101	70
70	117
117	44
44	52
52	101
101	70
70	101
101	44
44	101
101	114
114	44
44	101
101	70
70	117
117	44
44	52
52	101
101	70
70	101
101	44
44	101
101	44
44	13
13	95
95	70
70	114
114	44
44	47
47	101
101	57
57	70
70	114
114	44
44	52
52	101
101	70
70	117
117	44
44	52
52	101
101	70
70	101
101	44
44	101
101	114
114	44
44	101
101	70
70	117
117	44
44	52
52	101
101	70
70	101
101	44
44	101
101	44
44	13
13	95
95	70
70	114
114	44
44	47
47	101
101	57
57	70
70	117
117	44
44	52
52	101
101	70
70	117
117	44
44	52
52	101
101	70
70	101
101	44
44	52
52	101
101	70
70	117
117	44
44	52
52	101
101	70
70	101
101	44
44	52
52	101
101	70
70	117
117	44
44	52
52	101
101	70
70	101
101	44
44	101
101	44
44	13
13	95
95	70
70	114
114	44
44	47
47	101
101	57
57	70
70	114
114	44
44	52
52	70
70	114
114	44
44	52
52	70
70	114
114	44
44	52
52	70
70	114
114	44
