# Directed graph: ../data/song_graphs/rock_graphs/126.txt 
# Save as tab-separated list of edges
# Nodes: 139 Edges: 113
# FromNodeId	ToNodeId
13	114
114	101
101	13
13	114
114	101
101	13
13	114
114	101
101	44
44	78
78	13
13	114
114	101
101	13
13	114
114	101
101	13
13	114
114	101
101	44
44	78
78	13
13	114
114	101
101	13
13	114
114	101
101	13
13	114
114	101
101	44
44	78
78	13
13	101
101	55
55	114
114	101
101	55
55	114
114	101
101	55
55	114
114	13
13	114
114	101
101	13
13	114
114	101
101	13
13	114
114	101
101	44
44	78
78	13
13	101
101	55
55	114
114	101
101	55
55	114
114	101
101	55
55	114
114	13
13	114
114	101
101	13
13	114
114	101
101	13
13	114
114	101
101	44
44	78
78	13
13	114
114	101
101	13
13	114
114	101
101	13
13	114
114	101
101	44
44	78
78	13
13	101
101	55
55	114
114	101
101	55
55	114
114	101
101	55
55	114
114	101
101	55
55	114
114	101
101	55
55	114
114	13
13	114
114	101
101	13
13	114
114	101
101	13
13	114
114	101
101	44
44	78
78	13
