# Directed graph: ../data/song_graphs/rock_graphs/13.txt 
# Save as tab-separated list of edges
# Nodes: 139 Edges: 73
# FromNodeId	ToNodeId
13	101
101	76
76	13
13	101
101	76
76	13
13	101
101	76
76	13
13	101
101	76
76	13
13	101
101	76
76	13
13	101
101	76
76	13
13	101
101	76
76	13
13	101
101	76
76	13
13	101
101	76
76	13
13	101
101	76
76	13
13	101
101	76
76	13
13	101
101	76
76	13
13	101
101	76
76	13
13	101
101	13
13	101
101	76
76	13
13	101
101	76
76	13
13	101
101	76
76	13
13	101
101	76
76	13
13	101
101	76
76	13
13	101
101	76
76	101
101	114
114	76
76	13
13	101
101	76
76	13
13	101
101	76
76	13
13	101
101	76
76	13
13	101
101	76
