# Directed graph: ../data/song_graphs/rock_graphs/131.txt 
# Save as tab-separated list of edges
# Nodes: 139 Edges: 66
# FromNodeId	ToNodeId
44	13
13	114
114	44
44	13
13	114
114	13
13	55
55	114
114	13
13	55
55	114
114	44
44	13
13	114
114	44
44	13
13	114
114	44
44	13
13	114
114	13
13	55
55	114
114	13
13	55
55	114
114	44
44	55
55	44
44	55
55	44
44	55
55	44
44	55
55	39
39	44
44	114
114	39
39	44
44	13
13	39
39	44
44	114
114	39
39	44
44	55
55	44
44	55
55	44
44	55
55	44
44	55
55	44
44	55
55	44
44	13
13	114
114	44
44	13
13	114
114	13
13	55
55	114
114	13
13	55
55	114
