# Directed graph: ../data/song_graphs/rock_graphs/135.txt 
# Save as tab-separated list of edges
# Nodes: 139 Edges: 109
# FromNodeId	ToNodeId
24	61
61	121
121	88
88	24
24	61
61	121
121	88
88	24
24	61
61	121
121	88
88	24
24	61
61	121
121	88
88	24
24	61
61	121
121	88
88	24
24	61
61	121
121	88
88	24
24	61
61	121
121	88
88	24
24	61
61	121
121	88
88	24
24	61
61	121
121	88
88	24
24	61
61	121
121	88
88	24
24	61
61	121
121	88
88	24
24	61
61	121
121	88
88	24
24	61
61	121
121	88
88	24
24	61
61	121
121	88
88	24
24	61
61	121
121	88
88	24
24	61
61	121
121	88
88	24
24	61
61	121
121	88
88	24
24	61
61	121
121	88
88	24
24	61
61	121
121	88
88	24
24	61
61	121
121	88
88	24
24	61
61	121
121	88
88	24
24	88
88	24
24	61
61	121
121	88
88	24
24	61
61	121
121	88
88	24
24	61
61	121
121	88
88	24
24	61
61	121
121	88
88	24
24	61
61	121
121	88
88	24
24	61
61	121
121	88
