# Directed graph: ../data/song_graphs/rock_graphs/14.txt 
# Save as tab-separated list of edges
# Nodes: 139 Edges: 163
# FromNodeId	ToNodeId
33	61
61	5
5	81
81	33
33	61
61	5
5	81
81	33
33	61
61	5
5	81
81	33
33	61
61	5
5	81
81	33
33	61
61	5
5	81
81	33
33	61
61	5
5	81
81	33
33	61
61	5
5	81
81	121
121	61
61	5
5	33
33	121
121	61
61	5
5	33
33	121
121	61
61	5
5	33
33	121
121	61
61	101
101	33
33	61
61	5
5	81
81	33
33	61
61	5
5	81
81	33
33	61
61	5
5	81
81	33
33	61
61	5
5	81
81	33
33	61
61	5
5	81
81	33
33	61
61	5
5	81
81	33
33	61
61	5
5	81
81	33
33	61
61	5
5	81
81	33
33	61
61	5
5	81
81	121
121	61
61	5
5	33
33	121
121	61
61	5
5	33
33	121
121	61
61	5
5	33
33	121
121	61
61	101
101	33
33	61
61	5
5	81
81	33
33	61
61	5
5	81
81	121
121	61
61	5
5	33
33	121
121	61
61	5
5	33
33	121
121	61
61	5
5	33
33	121
121	61
61	101
101	33
33	61
61	5
5	81
81	33
33	61
61	5
5	81
81	121
121	61
61	5
5	33
33	121
121	61
61	5
5	33
33	121
121	61
61	5
5	33
33	121
121	61
61	101
101	33
33	121
121	5
5	81
81	61
61	1
1	33
33	121
121	5
5	81
81	61
61	1
1	33
33	121
121	5
5	81
81	61
61	1
1	33
33	121
121	5
5	81
81	61
61	1
