# Directed graph: ../data/song_graphs/rock_graphs/140.txt 
# Save as tab-separated list of edges
# Nodes: 139 Edges: 107
# FromNodeId	ToNodeId
114	13
13	44
44	101
101	13
13	44
44	114
114	101
101	13
13	44
44	114
114	101
101	13
13	44
44	114
114	101
101	13
13	44
44	114
114	101
101	13
13	44
44	114
114	101
101	13
13	44
44	114
114	101
101	13
13	44
44	114
114	101
101	13
13	44
44	114
114	101
101	13
13	44
44	114
114	101
101	13
13	44
44	114
114	101
101	13
13	44
44	114
114	101
101	13
13	44
44	114
114	101
101	13
13	44
44	114
114	101
101	13
13	44
44	114
114	101
101	13
13	44
44	114
114	101
101	13
13	44
44	114
114	101
101	13
13	44
44	114
114	101
101	13
13	44
44	114
114	101
101	13
13	44
44	114
114	101
101	13
13	44
44	114
114	101
101	13
13	44
44	114
114	101
101	13
13	44
44	114
114	101
101	13
13	44
44	114
114	101
101	13
13	44
44	114
114	101
101	13
13	44
44	114
114	101
101	13
13	44
44	114
114	101
