# Directed graph: ../data/song_graphs/rock_graphs/145.txt 
# Save as tab-separated list of edges
# Nodes: 139 Edges: 69
# FromNodeId	ToNodeId
13	114
114	101
101	76
76	13
13	114
114	101
101	76
76	13
13	114
114	101
101	76
76	13
13	114
114	101
101	76
76	13
13	114
114	101
101	76
76	114
114	76
76	114
114	13
13	114
114	101
101	76
76	13
13	114
114	101
101	76
76	13
13	114
114	101
101	76
76	13
13	114
114	101
101	76
76	13
13	114
114	101
101	76
76	114
114	76
76	114
114	13
13	114
114	101
101	76
76	13
13	114
114	101
101	76
76	13
13	114
114	101
101	76
76	13
13	114
114	101
101	76
76	13
13	114
114	101
101	76
76	114
114	76
76	114
114	13
