# Directed graph: ../data/song_graphs/rock_graphs/146.txt 
# Save as tab-separated list of edges
# Nodes: 139 Edges: 175
# FromNodeId	ToNodeId
61	121
121	76
76	0
0	61
61	121
121	76
76	0
0	61
61	121
121	76
76	0
0	61
61	121
121	76
76	0
0	61
61	121
121	76
76	0
0	61
61	121
121	76
76	0
0	61
61	121
121	76
76	0
0	61
61	121
121	76
76	0
0	61
61	121
121	76
76	0
0	61
61	121
121	76
76	0
0	61
61	121
121	76
76	0
0	61
61	121
121	76
76	0
0	61
61	121
121	76
76	0
0	61
61	121
121	76
76	0
0	61
61	121
121	76
76	0
0	61
61	121
121	76
76	0
0	61
61	121
121	76
76	0
0	61
61	121
121	76
76	0
0	61
61	121
121	76
76	0
0	61
61	121
121	76
76	0
0	61
61	121
121	76
76	0
0	61
61	121
121	76
76	0
0	61
61	121
121	76
76	0
0	61
61	121
121	76
76	0
0	61
61	121
121	76
76	0
0	61
61	121
121	76
76	0
0	61
61	121
121	76
76	0
0	61
61	121
121	76
76	0
0	61
61	121
121	76
76	0
0	61
61	121
121	76
76	0
0	61
61	121
121	76
76	0
0	61
61	121
121	76
76	0
0	61
61	121
121	76
76	0
0	61
61	121
121	76
76	0
0	61
61	121
121	76
76	0
0	61
61	121
121	76
76	0
0	61
61	121
121	76
76	0
0	61
61	121
121	76
76	0
0	61
61	121
121	76
76	0
0	61
61	121
121	76
76	0
0	61
61	121
121	76
76	0
0	61
61	121
121	76
76	0
0	61
61	121
121	76
76	0
0	61
61	121
121	76
76	0
