# Directed graph: ../data/song_graphs/rock_graphs/148.txt 
# Save as tab-separated list of edges
# Nodes: 139 Edges: 60
# FromNodeId	ToNodeId
44	55
55	96
96	44
44	55
55	96
96	44
44	55
55	26
26	96
96	98
98	44
44	95
95	55
55	44
44	95
95	55
55	44
44	95
95	55
55	44
44	95
95	55
55	44
44	95
95	55
55	44
44	95
95	55
55	44
44	55
55	44
44	55
55	95
95	44
44	95
95	55
55	44
44	95
95	55
55	44
44	95
95	55
55	44
44	95
95	55
55	44
44	55
55	114
114	44
44	95
95	55
55	44
44	95
95	55
55	44
44	95
95	55
55	44
44	95
95	55
