# Directed graph: ../data/song_graphs/rock_graphs/156.txt 
# Save as tab-separated list of edges
# Nodes: 139 Edges: 95
# FromNodeId	ToNodeId
44	78
78	110
110	95
95	110
110	95
95	70
70	114
114	101
101	95
95	70
70	95
95	44
44	78
78	110
110	95
95	110
110	95
95	70
70	114
114	101
101	95
95	70
70	95
95	13
13	95
95	13
13	95
95	13
13	95
95	50
50	5
5	114
114	50
50	5
5	114
114	50
50	5
5	114
114	50
50	5
5	114
114	50
50	5
5	114
114	50
50	108
108	131
131	50
50	108
108	131
131	50
50	108
108	131
131	50
50	108
108	131
131	50
50	27
27	131
131	108
108	131
131	50
50	108
108	131
131	50
50	108
108	131
131	50
50	108
108	131
131	50
50	108
108	131
131	50
50	108
108	131
131	50
50	108
108	131
131	50
50	108
108	131
131	50
50	27
27	131
131	44
44	78
78	110
110	95
95	110
110	95
95	70
70	95
95	101
101	114
