# Directed graph: ../data/song_graphs/rock_graphs/158.txt 
# Save as tab-separated list of edges
# Nodes: 139 Edges: 68
# FromNodeId	ToNodeId
44	114
114	44
44	114
114	44
44	114
114	44
44	114
114	13
13	114
114	44
44	101
101	13
13	114
114	44
44	101
101	13
13	114
114	44
44	114
114	44
44	114
114	44
44	114
114	13
13	114
114	44
44	101
101	13
13	114
114	44
44	101
101	13
13	114
114	44
44	114
114	44
44	114
114	81
81	5
5	27
27	5
5	81
81	5
5	27
27	44
44	114
114	44
44	114
114	44
44	114
114	44
44	114
114	13
13	114
114	44
44	101
101	13
13	114
114	44
44	101
101	13
13	114
114	44
44	114
114	44
44	114
114	44
44	114
