# Directed graph: ../data/song_graphs/rock_graphs/159.txt 
# Save as tab-separated list of edges
# Nodes: 139 Edges: 140
# FromNodeId	ToNodeId
13	44
44	103
103	13
13	44
44	103
103	44
44	70
70	44
44	70
70	13
13	44
44	103
103	13
13	44
44	103
103	13
13	44
44	103
103	13
13	44
44	103
103	13
13	44
44	103
103	13
13	44
44	103
103	13
13	44
44	103
103	13
13	44
44	103
103	81
81	70
70	44
44	81
81	70
70	44
44	13
13	44
44	103
103	13
13	44
44	103
103	13
13	44
44	103
103	13
13	44
44	103
103	13
13	44
44	103
103	13
13	44
44	103
103	13
13	44
44	103
103	13
13	44
44	103
103	44
44	70
70	44
44	70
70	13
13	44
44	103
103	13
13	44
44	103
103	13
13	44
44	103
103	13
13	44
44	103
103	13
13	44
44	103
103	13
13	44
44	103
103	13
13	44
44	103
103	13
13	44
44	103
103	13
13	44
44	103
103	13
13	44
44	103
103	81
81	70
70	44
44	81
81	70
70	44
44	81
81	70
70	44
44	81
81	70
70	44
44	13
13	44
44	103
103	13
13	44
44	103
103	13
13	44
44	103
103	13
13	44
44	103
103	13
13	44
44	103
103	13
13	44
44	103
103	13
13	44
44	103
103	13
13	44
44	103
103	13
13	44
44	103
103	13
13	44
44	103
103	13
