# Directed graph: ../data/song_graphs/rock_graphs/180.txt 
# Save as tab-separated list of edges
# Nodes: 139 Edges: 65
# FromNodeId	ToNodeId
44	114
114	101
101	44
44	114
114	101
101	44
44	114
114	101
101	44
44	114
114	101
101	114
114	55
55	101
101	44
44	114
114	55
55	70
70	101
101	44
44	114
114	101
101	44
44	114
114	101
101	44
44	114
114	101
101	114
114	55
55	101
101	44
44	114
114	55
55	70
70	101
101	44
44	114
114	101
101	44
44	114
114	27
27	101
101	114
114	55
55	101
101	44
44	114
114	55
55	101
101	44
44	114
114	55
55	70
70	101
101	44
44	114
114	101
101	44
44	114
114	101
101	44
44	114
114	27
27	101
