# Directed graph: ../data/song_graphs/rock_graphs/27.txt 
# Save as tab-separated list of edges
# Nodes: 139 Edges: 96
# FromNodeId	ToNodeId
55	0
0	39
39	55
55	0
0	55
55	127
127	39
39	114
114	55
55	0
0	114
114	0
0	39
39	114
114	55
55	0
0	55
55	127
127	39
39	114
114	55
55	0
0	114
114	0
0	39
39	114
114	55
55	0
0	55
55	127
127	62
62	127
127	62
62	127
127	62
62	127
127	26
26	95
95	0
0	55
55	127
127	39
39	114
114	55
55	0
0	114
114	0
0	39
39	114
114	55
55	0
0	55
55	127
127	62
62	127
127	62
62	127
127	62
62	127
127	26
26	95
95	0
0	55
55	127
127	39
39	114
114	55
55	0
0	114
114	0
0	39
39	114
114	55
55	0
0	55
55	114
114	0
0	39
39	114
114	55
55	0
0	55
55	76
76	127
127	11
11	39
39	67
67	114
114	0
0	24
24	62
62	83
83	26
26	62
62	95
95	127
