# Directed graph: ../data/song_graphs/rock_graphs/3.txt 
# Save as tab-separated list of edges
# Nodes: 139 Edges: 79
# FromNodeId	ToNodeId
13	116
116	13
13	116
116	13
13	116
116	13
13	116
116	13
13	116
116	13
13	116
116	13
13	116
116	13
13	116
116	18
18	136
136	18
18	136
136	18
18	136
136	18
18	136
136	18
18	136
136	18
18	136
136	13
13	116
116	13
13	116
116	13
13	116
116	13
13	116
116	13
13	116
116	13
13	116
116	18
18	136
136	18
18	136
136	18
18	136
136	18
18	136
136	18
18	136
136	18
18	136
136	13
13	116
116	13
13	116
116	13
13	116
116	13
13	116
116	13
13	116
116	13
13	116
116	13
13	116
116	13
13	116
116	18
18	136
136	18
18	136
136	18
18	136
136	18
18	136
136	18
18	136
136	18
18	136
