# Directed graph: ../data/song_graphs/rock_graphs/44.txt 
# Save as tab-separated list of edges
# Nodes: 139 Edges: 71
# FromNodeId	ToNodeId
13	76
76	13
13	76
76	13
13	76
76	13
13	114
114	44
44	114
114	13
13	114
114	44
44	114
114	55
55	76
76	13
13	76
76	13
13	76
76	13
13	114
114	44
44	114
114	13
13	114
114	44
44	114
114	55
55	76
76	13
13	76
76	13
13	76
76	13
13	114
114	44
44	114
114	13
13	114
114	44
44	114
114	55
55	76
76	13
13	76
76	13
13	76
76	13
13	114
114	44
44	114
114	13
13	114
114	44
44	114
114	55
55	76
76	13
13	76
76	13
13	76
76	13
13	114
114	44
44	114
114	13
13	114
114	44
44	114
114	55
55	76
