# Directed graph: ../data/song_graphs/rock_graphs/54.txt 
# Save as tab-separated list of edges
# Nodes: 139 Edges: 61
# FromNodeId	ToNodeId
114	55
55	44
44	55
55	114
114	55
55	44
44	55
55	114
114	55
55	44
44	114
114	55
55	13
13	114
114	13
13	114
114	13
13	114
114	55
55	114
114	55
55	44
44	55
55	114
114	55
55	44
44	114
114	55
55	13
13	114
114	13
13	114
114	13
13	114
114	55
55	114
114	101
101	27
27	101
101	44
44	114
114	55
55	0
0	55
55	44
44	114
114	44
44	114
114	13
13	55
55	13
13	55
55	44
44	114
114	55
55	44
44	50
50	114
114	55
55	44
44	114
