# Directed graph: ../data/song_graphs/rock_graphs/64.txt 
# Save as tab-separated list of edges
# Nodes: 139 Edges: 67
# FromNodeId	ToNodeId
91	84
84	91
91	50
50	5
5	114
114	81
81	50
50	5
5	114
114	5
5	27
27	81
81	50
50	5
5	27
27	81
81	50
50	5
5	27
27	81
81	50
50	5
5	27
27	91
91	50
50	5
5	114
114	81
81	50
50	5
5	114
114	5
5	27
27	81
81	50
50	5
5	27
27	81
81	50
50	5
5	27
27	81
81	50
50	5
5	27
27	91
91	50
50	5
5	114
114	81
81	50
50	5
5	114
114	5
5	27
27	81
81	50
50	5
5	27
27	81
81	50
50	5
5	27
27	81
81	50
50	5
5	27
