# Directed graph: ../data/song_graphs/rock_graphs/9.txt 
# Save as tab-separated list of edges
# Nodes: 139 Edges: 109
# FromNodeId	ToNodeId
13	44
44	70
70	101
101	76
76	13
13	44
44	70
70	101
101	76
76	13
13	44
44	70
70	101
101	76
76	13
13	44
44	70
70	101
101	76
76	13
13	17
17	70
70	101
101	76
76	13
13	17
17	70
70	101
101	76
76	13
13	44
44	70
70	101
101	76
76	13
13	44
44	70
70	101
101	76
76	13
13	44
44	70
70	101
101	76
76	13
13	44
44	70
70	101
101	76
76	13
13	44
44	70
70	101
101	76
76	13
13	44
44	70
70	101
101	76
76	13
13	17
17	70
70	101
101	76
76	13
13	17
17	70
70	101
101	76
76	13
13	44
44	70
70	101
101	76
76	13
13	44
44	70
70	101
101	76
76	101
101	95
95	13
13	114
114	101
101	95
95	13
13	114
114	70
70	13
13	17
17	70
70	101
101	76
76	13
13	17
17	70
70	101
101	76
76	13
13	44
44	70
70	101
101	76
76	13
13	44
44	70
70	101
101	76
76	13
