# Directed graph: ../data/song_graphs/jazz_graphs/100.txt 
# Save as tab-separated list of edges
# Nodes: 241 Edges: 64
# FromNodeId	ToNodeId
105	35
35	133
133	198
198	105
105	233
233	95
95	176
176	61
61	170
170	35
35	19
19	112
112	207
207	105
105	163
163	133
133	200
200	105
105	35
35	133
133	198
198	105
105	233
233	95
95	176
176	61
61	170
170	35
35	19
19	112
112	207
207	105
105	133
133	233
233	95
95	176
176	221
221	105
105	108
108	170
170	165
165	133
133	111
111	133
133	198
198	105
105	35
35	133
133	198
198	105
105	233
233	95
95	176
176	61
61	170
170	35
35	19
19	112
112	207
207	105
105	157
157	28
28	125
125	105
