# Directed graph: ../data/song_graphs/jazz_graphs/109.txt 
# Save as tab-separated list of edges
# Nodes: 241 Edges: 74
# FromNodeId	ToNodeId
84	164
164	19
19	133
133	146
146	35
35	31
31	224
224	191
191	172
172	14
14	133
133	57
57	170
170	163
163	133
133	198
198	170
170	3
3	133
133	198
198	84
84	164
164	19
19	133
133	146
146	35
35	31
31	224
224	191
191	172
172	14
14	133
133	57
57	170
170	163
163	133
133	207
207	84
84	154
154	18
18	188
188	69
69	154
154	28
28	182
182	69
69	157
157	159
159	18
18	188
188	102
102	37
37	133
133	198
198	22
22	205
205	84
84	164
164	19
19	133
133	146
146	35
35	31
31	224
224	191
191	172
172	14
14	133
133	57
57	170
170	163
163	133
133	207
207	84
