# Directed graph: ../data/song_graphs/jazz_graphs/131.txt 
# Save as tab-separated list of edges
# Nodes: 241 Edges: 55
# FromNodeId	ToNodeId
84	133
133	170
170	188
188	198
198	170
170	12
12	133
133	198
198	225
225	188
188	170
170	163
163	170
170	14
14	110
110	198
198	170
170	14
14	133
133	207
207	84
84	233
233	93
93	192
192	111
111	233
233	93
93	191
191	176
176	35
35	111
111	238
238	148
148	35
35	111
111	133
133	198
198	84
84	133
133	170
170	188
188	198
198	170
170	12
12	133
133	198
198	225
225	188
188	170
170	163
163	170
170	14
14	133
133	207
207	84
