# Directed graph: ../data/song_graphs/jazz_graphs/135.txt 
# Save as tab-separated list of edges
# Nodes: 241 Edges: 52
# FromNodeId	ToNodeId
105	233
233	89
89	191
191	185
185	170
170	3
3	133
133	198
198	170
170	3
3	133
133	198
198	105
105	233
233	89
89	191
191	185
185	170
170	3
3	133
133	198
198	105
105	178
178	105
105	133
133	198
198	105
105	89
89	233
233	89
89	191
191	225
225	45
45	170
170	3
3	108
108	133
133	198
198	105
105	233
233	89
89	191
191	185
185	170
170	3
3	133
133	198
198	172
172	3
3	133
133	198
198	105
