# Directed graph: ../data/song_graphs/jazz_graphs/26.txt 
# Save as tab-separated list of edges
# Nodes: 241 Edges: 55
# FromNodeId	ToNodeId
84	133
133	163
163	84
84	0
0	79
79	98
98	3
3	108
108	198
198	84
84	163
163	133
133	84
84	133
133	163
163	84
84	0
0	79
79	98
98	3
3	108
108	198
198	84
84	163
163	133
133	84
84	233
233	89
89	176
176	61
61	105
105	89
89	90
90	108
108	215
215	45
45	170
170	163
163	108
108	198
198	84
84	133
133	163
163	84
84	0
0	79
79	98
98	3
3	108
108	198
198	84
84	163
163	133
133	84
84	94
