135952
150899
19556
17522
5169
152656
162684
14268
185447
19344
53065
50131
313255
72172
338814
185491
50035
39593
39645
205963
1413607
108291
122558
236334
147843
56756
112003
48666
258877
5162
14326
302931
53266
325481
64485
49808
42998
34996
127317
146494
14897
140088
57593
137749
13202
31179
39790
56973
16762
2546
146012
15570
145196
49337
61191
50142
43049
52857
29886
21003
124036
183516
117082
50024
48646
145294
13481
127376
1417487
32781
40290
135326
200995
14076
114485
4412
137264
329929
52863
115563
8429
149104
57234
140101
31971
141857
15582
127306
53044
52911
132405
48692
39461
47421
137318
50121
139696
140000
59803
180224
5405
65432
147875
47936
147626
1416886
46596
7935
325077
19374
15711
196249
150911
139958
152772
124069
15660
1679691
50918
53179
19321
5384
236104
135330
53024
1701945
120980
140251
176848
13431
43022
1628325
182469
14278
53235
108428
138138
8596
65210
149170
124128
21027
75181
311655
145861
1633107
124102
132424
53124
140135
145447
66933
157531
15747
26752
15591
124207
29124
15626
11659
190453
48590
1592192
15743
53166
31428
1619369
2725
196756
1371
41786
47910
28987
199826
1631433
51995
141938
234362
132559
135286
39550
144027
138587
9345
106345
124152
346431
2707
132540
13465
316899
145866
2493
15647
19342
13979
51393
137781
31227
40391
33256
41913
1735477
31141
31132
21996
1605323
33510
49779
122529
34780
145481
324930
1449005
228271
225980
237402
323684
318124
269968
1675386
1593918
241854
261723
236718
205317
321856
237867
203389
320850
220015
185454
294682
142336
1573148
206587
143295
1663829
224965
242607
167617
240895
1449849
1459014
1673219
106269
178187
1453374
169093
189317
138449
1599124
146684
157524
1412191
1445845
281238
1624345
133005
53881
153583
133429
283624
1439842
55671
2632147
159002
155593
1419054
326629
1660978
177951
279309
1450916
1713029
55708
323212
1682730
149928
158959
153806
135595
155424
144980
141579
1603446
1605021
190667
200002
276209
51970
137303
259458
185471
152163
137397
139528
331831
139505
1605962
121846
135672
185478
156456
141727
137389
45659
157617
1726215
185432
104773
170823
349786
1634308
152717
149252
274019
140737
322402
1411389
137428
291678
