3.717537739096734128e+00
1.033442446393209835e+01
9.758586325751329227e+00
7.111759383648235122e+00
1.953494384353235702e+01
1.370333637704446694e+01
1.201570240198021011e+01
8.176824047825265396e+00
8.458431061112158034e+00
7.431352501395690702e+00
1.217663125980290673e+01
2.159665780946374625e+01
1.384307469870296181e+01
9.209795068472047319e+00
1.091836032028169434e+01
1.013729971963445031e+01
3.472292349340999351e+01
1.605143313496730784e+01
1.172851821565212660e+01
1.704025734460516617e+01
3.175216528049701381e+01
2.836790184660711134e+01
8.331087285040462476e+00
1.652569554515499561e+01
7.115124735378853593e+00
8.378994400870031001e+00
7.729681146227345145e+00
1.587131929574580091e+01
3.076167854826038450e+01
4.683222211375892385e+01
1.341363142108344952e+01
2.391050530940204411e+01
1.896937279069600990e+01
9.945050563479943762e+00
7.453559924999298980e-01
6.304325939182177763e+00
6.703051701376350202e+00
6.171264622608036987e+00
1.698662575514791939e+01
1.671059252208084800e+01
8.204739911133428265e+00
2.387999069715485945e+01
3.965400820815567329e+01
7.999999999999999112e+00
2.244372932388267472e+01
1.951161864719006900e+01
2.077570297857917581e+01
3.621322046287802721e+01
2.787965086966756445e+01
5.388877434122991161e+01
3.473686060276722998e+01
3.026950027765280637e+01
1.863805765047570873e+01
6.241562108673280207e+00
1.103682899219239211e+01
4.817730411281797132e+00
3.251989223826320163e+00
2.156055669916696615e+01
5.439684175981748027e+00
1.436842105263157876e+01
8.250000000000000000e+00
2.689917204201003642e+01
1.043551627855565123e+01
1.757674203216046394e+01
-1.000000000000000000e+00
4.010100882884255924e+01
9.868589450917484740e+00
6.333333333333332149e+00
4.691790784269773695e+01
2.324037667323120004e+01
3.265986323710904138e+00
1.887257038782682983e+01
1.449999999999999645e+01
1.574999999999999645e+01
3.636619309193635985e+01
4.430129045573458058e+01
5.500000000000000888e+00
2.033333333333333215e+01
1.330373960645749420e+01
1.425000000000000000e+01
6.999999999999999112e+00
1.299999999999999822e+01
9.196096009621788525e+00
1.299999999999999822e+01
8.550000000000000000e+01
3.441028553612286345e+01
4.719399037242694561e+01
3.549647869859769855e+01
2.145037111689752152e+01
1.966666666666666430e+01
1.966666666666666785e+01
2.999999999999999556e+00
2.966666666666666430e+01
3.535533905932737042e+01
6.572947311795246605e+01
3.207802986469088324e+01
1.313978105425833043e+01
1.548348329780986354e+01
3.154709990149842369e+01
1.202537966542266723e+01
1.492784578263538009e+01
8.901904427650546126e+00
2.429077328259984725e+01
2.585406397674213252e+01
1.382960825606166999e+01
2.553149315761110927e+01
3.633333333333332860e+01
1.166666666666666963e+00
2.700000000000000000e+01
2.367840084690405433e+01
1.680277754817141300e+01
2.300000000000000355e+01
6.333333333333332149e+00
-3.333333333333336479e-01
1.299999999999999822e+01
-3.333333333333336479e-01
1.563333333333333428e+02
3.162885732024815510e+01
3.847908797827998484e+01
6.654447134560966504e+01
2.502544159995438022e+01
2.300000000000000355e+01
3.562035266262145683e+01
9.966666666666664298e+01
1.985714285714285410e+01
2.799999999999999645e+01
1.949999999999999645e+01
6.333333333333332149e+00
1.299999999999999822e+01
1.299999999999999822e+01
1.966666666666666430e+01
1.300000000000000000e+01
1.798503651543522608e+01
6.333333333333333037e+00
6.333333333333332149e+00
6.333333333333332149e+00
-3.333333333333333148e-01
4.325000000000000711e+01
3.366666666666666430e+01
2.998536228261236047e+01
2.588732983824029432e+01
7.923126504730221953e+00
7.545454545454545858e+00
2.133333333333333215e+01
8.140806303599617877e+00
1.680277754817141300e+01
1.966666666666666785e+01
1.514885490319478656e+01
2.966666666666666430e+01
1.966666666666666785e+01
1.299999999999999822e+01
6.333333333333332149e+00
3.300000000000000000e+01
-3.333333333333333148e-01
4.966666666666665719e+01
6.299999999999998579e+01
1.966666666666666430e+01
2.999999999999999556e+00
6.966666666666667140e+01
1.630000000000000000e+02
3.966666666666666430e+01
1.966666666666666785e+01
1.918766965180155992e+01
3.966666666666666430e+01
2.633333333333333570e+01
1.429847644231470305e+01
3.300000000000000000e+01
4.499999999999999112e+00
5.300000000000000000e+01
3.299999999999999289e+01
9.666666666666664298e+00
6.333333333333332149e+00
6.333333333333332149e+00
1.133333333333333215e+01
2.633333333333333570e+01
3.299999999999999289e+01
2.729397809609433789e+00
2.633333333333333215e+01
-3.333333333333336479e-01
-3.333333333333333148e-01
7.633333333333332860e+01
7.348469228349533644e+00
3.299999999999999289e+01
4.633333333333333570e+01
6.333333333333332149e+00
9.499999999999998224e+00
6.333333333333333037e+00
1.300000000000000000e+01
6.633333333333332860e+01
1.966666666666666430e+01
1.966666666666666785e+01
-3.333333333333333148e-01
-3.333333333333333148e-01
3.300000000000000000e+01
4.633333333333333570e+01
9.500000000000000000e+00
1.966666666666666430e+01
5.966666666666666430e+01
