# Directed graph: generated_jazz_song_14.txt 
# Nodes: 46 Edges: 83
# FromNodeId	ToNodeId
105	35
105	225
35	19
35	34
35	108
35	111
35	133
35	225
35	233
108	205
205	87
87	35
87	37
87	121
34	172
172	14
14	133
133	3
133	57
133	84
133	163
133	198
198	31
198	35
198	84
198	87
198	89
31	170
31	178
178	72
178	142
72	7
7	132
132	144
144	32
32	218
218	48
48	170
170	9
170	154
170	162
170	164
162	170
154	28
28	125
28	133
28	135
28	188
135	207
207	87
207	105
225	45
225	52
225	188
188	57
188	84
188	170
84	35
84	133
84	198
89	188
9	28
57	105
57	152
45	142
142	3
142	31
142	154
164	19
19	133
19	154
163	198
37	178
3	129
3	187
187	198
52	142
125	135
121	133
129	133
111	133
152	35
233	89
