# Directed graph: generated_song_6.txt 
# Nodes: 48 Edges: 79
# FromNodeId	ToNodeId
105	35
105	89
105	225
225	144
144	57
57	152
57	170
152	102
152	213
102	178
178	99
178	105
99	37
99	233
37	108
108	133
133	84
133	196
133	198
133	200
200	99
233	86
233	89
89	57
89	174
89	188
188	57
213	198
198	84
198	87
198	111
198	170
198	204
198	233
84	35
84	39
84	133
84	163
84	174
84	198
174	3
174	84
174	224
224	45
45	168
45	173
168	84
39	133
39	178
163	170
170	3
170	14
170	154
14	133
111	133
35	61
35	133
35	224
173	141
141	133
87	35
87	181
204	105
154	19
19	133
196	89
3	72
3	133
181	170
72	69
69	157
157	111
61	6
6	8
8	22
22	125
125	135
135	207
207	84
