# Directed graph: generated_song_77.txt 
# Nodes: 41 Edges: 75
# FromNodeId	ToNodeId
105	110
105	178
105	224
224	45
45	198
198	25
198	84
198	87
198	105
198	170
84	35
84	89
84	121
84	129
84	163
84	172
84	174
84	198
170	31
170	35
35	3
35	31
35	34
35	108
35	133
133	125
133	198
133	200
87	35
87	133
87	163
163	84
163	198
31	36
31	142
31	191
191	133
191	221
174	191
221	84
221	239
172	61
61	6
6	133
125	87
129	135
129	142
135	198
135	200
89	129
89	191
142	0
142	31
142	170
36	35
108	115
108	133
115	108
121	133
200	28
200	84
28	135
0	79
79	148
148	150
150	35
34	35
110	108
239	105
178	88
178	99
99	102
102	178
88	35
3	133
