# Directed graph: generated_song_46.txt 
# Nodes: 45 Edges: 81
# FromNodeId	ToNodeId
105	89
105	181
105	191
181	84
84	3
84	35
84	87
84	89
84	121
84	170
84	174
84	198
84	233
233	89
233	224
89	174
89	188
89	191
191	45
191	57
191	80
191	176
57	154
154	133
133	84
133	116
133	125
133	198
133	207
198	31
198	84
198	89
198	170
198	172
198	200
121	133
200	84
174	3
174	15
174	84
3	72
3	133
125	135
135	207
207	87
207	105
15	133
116	87
87	110
87	233
188	170
170	35
35	108
35	111
35	133
35	233
111	27
111	198
31	133
224	45
45	26
45	105
26	229
229	133
176	84
72	80
80	142
80	146
142	35
142	80
110	198
172	14
14	131
131	53
53	133
146	36
36	35
108	230
230	5
5	111
27	117
