# Directed graph: generated_song_52.txt 
# Nodes: 48 Edges: 90
# FromNodeId	ToNodeId
105	35
105	57
105	80
105	191
35	19
35	108
35	112
35	133
35	225
133	116
133	186
133	198
133	207
207	84
84	13
84	35
84	39
84	121
84	142
84	163
84	174
84	176
84	186
84	198
176	84
198	84
198	87
198	102
198	200
198	203
198	213
163	133
163	198
225	52
225	86
52	170
170	187
187	198
102	108
102	230
230	5
5	133
87	133
116	105
191	133
191	135
191	220
213	191
220	84
186	84
186	105
142	0
142	35
142	80
142	191
80	142
80	149
80	150
80	178
150	31
31	80
149	35
19	133
19	233
57	3
3	80
108	112
108	222
112	84
112	207
112	236
121	198
203	105
178	34
178	71
71	80
0	142
135	198
200	84
174	19
174	84
233	89
89	102
222	45
45	105
39	178
34	225
86	174
13	112
236	89
