# Directed graph: generated_song_49.txt 
# Nodes: 50 Edges: 90
# FromNodeId	ToNodeId
105	51
105	90
105	142
105	164
105	191
105	224
142	31
142	34
31	168
168	35
168	133
168	171
133	19
133	170
133	198
133	205
133	207
198	35
198	105
198	142
198	203
35	108
35	133
35	168
35	170
35	178
178	34
178	84
178	108
108	115
108	133
108	230
115	105
115	108
19	198
191	220
191	221
221	84
84	35
84	89
84	105
84	168
89	191
220	170
170	10
170	14
170	35
170	163
14	110
14	133
224	45
224	47
45	26
45	198
34	57
34	225
57	152
152	102
102	178
90	174
174	35
174	108
230	172
172	14
110	133
207	15
207	84
207	105
164	133
171	170
10	111
10	135
111	205
205	84
205	170
51	140
140	122
122	224
47	45
26	123
123	98
98	174
135	207
15	152
225	52
52	181
181	208
208	84
163	133
203	105
