# Directed graph: generated_song_81.txt 
# Nodes: 45 Edges: 80
# FromNodeId	ToNodeId
105	79
105	80
105	84
105	90
105	191
191	57
191	150
191	188
191	198
188	57
188	61
61	6
6	133
133	188
133	198
198	84
198	87
198	105
198	129
198	170
129	198
79	142
142	0
142	3
142	35
142	178
142	191
178	188
57	105
57	152
57	165
57	230
152	102
102	181
181	80
181	111
181	170
170	12
170	35
170	215
215	191
150	31
31	142
31	191
0	29
29	142
230	72
72	80
80	142
80	149
149	31
165	28
28	135
135	174
174	84
84	35
84	111
84	133
84	221
221	106
106	87
87	35
87	133
35	30
35	34
35	108
35	187
187	84
30	40
40	164
164	19
19	133
108	198
34	181
3	133
90	181
90	191
111	170
111	198
12	133
