# Directed graph: generated_jazz_song_62.txt 
# Nodes: 49 Edges: 80
# FromNodeId	ToNodeId
105	35
105	191
35	19
35	108
35	133
108	111
108	133
133	5
133	115
133	198
133	207
198	84
198	87
198	105
198	133
84	45
84	105
84	121
84	126
84	198
126	88
88	35
19	133
19	198
207	105
207	225
191	57
191	133
191	225
225	52
52	142
52	173
142	31
142	35
142	56
142	154
56	31
31	80
31	170
170	3
170	12
170	225
173	185
185	170
185	191
12	160
160	84
45	140
45	173
140	122
122	224
224	45
57	34
57	165
165	198
34	181
181	111
111	164
111	170
111	238
3	107
107	0
107	178
0	107
178	142
80	142
154	234
234	89
89	174
174	221
221	198
87	133
115	108
164	19
121	133
5	111
238	148
148	40
40	2
2	142
