# Directed graph: generated_jazz_song_17.txt 
# Nodes: 40 Edges: 77
# FromNodeId	ToNodeId
105	35
105	80
105	87
105	198
87	121
87	181
121	133
133	108
133	198
133	207
207	84
84	35
84	89
84	121
84	163
84	178
84	233
35	14
35	102
35	112
35	127
102	69
102	89
69	154
154	38
38	133
198	84
198	87
198	105
198	142
198	172
89	174
89	191
191	57
191	80
191	188
191	221
80	57
80	142
80	150
150	31
31	35
31	80
31	142
31	143
31	191
142	0
142	31
142	35
142	80
142	170
0	107
107	178
178	72
178	142
57	105
57	165
57	178
165	28
28	135
135	80
170	163
163	133
143	191
188	57
14	133
181	102
174	84
72	80
112	198
172	14
108	133
108	198
127	108
233	89
221	239
239	170
