# Directed graph: generated_song_44.txt 
# Nodes: 53 Edges: 85
# FromNodeId	ToNodeId
105	80
105	110
105	143
105	233
80	150
150	35
35	108
35	112
35	133
35	137
35	178
133	84
133	115
133	198
198	84
198	105
198	133
198	194
198	200
198	208
84	0
84	35
84	88
84	133
84	174
84	176
84	181
84	186
84	223
223	183
183	173
173	133
176	61
61	14
61	170
14	133
88	35
112	205
112	233
233	89
233	95
95	192
192	112
205	207
207	105
89	186
186	84
181	35
0	2
0	107
0	209
107	0
209	193
193	84
208	84
174	93
174	224
93	91
91	191
191	185
185	170
170	3
170	5
5	108
108	133
108	137
108	198
137	198
194	84
178	142
142	0
2	35
200	87
87	37
37	108
115	105
143	31
31	35
110	133
224	45
45	188
188	57
188	61
57	188
3	133
