# Directed graph: generated_jazz_song_99.txt 
# Nodes: 44 Edges: 82
# FromNodeId	ToNodeId
105	84
105	133
105	191
133	105
133	194
133	198
133	207
198	84
198	89
198	105
198	201
198	233
84	0
84	80
84	133
84	142
84	163
84	168
84	174
84	176
84	198
84	233
80	142
80	150
150	31
31	33
31	34
31	84
31	133
31	170
0	3
3	129
3	133
129	187
187	87
87	133
233	89
233	219
89	57
89	142
89	181
89	191
57	230
230	3
191	80
191	108
191	136
191	176
176	89
176	170
170	3
170	14
170	31
14	131
14	133
194	84
174	221
221	89
181	150
34	12
34	225
225	48
48	170
131	31
33	34
12	160
160	84
142	30
142	40
142	191
108	133
30	133
136	80
40	35
35	133
207	117
117	84
168	198
201	84
163	84
219	52
52	170
