# Directed graph: generated_jazz_song_34.txt 
# Nodes: 42 Edges: 76
# FromNodeId	ToNodeId
105	174
105	198
198	84
198	89
198	105
198	133
198	170
84	19
84	88
84	89
84	108
84	133
84	198
133	80
133	163
133	198
133	207
89	129
89	174
89	233
174	84
174	220
174	221
108	110
108	115
108	191
108	198
170	3
170	5
170	14
170	31
170	102
14	108
14	133
110	133
220	84
233	89
129	31
129	133
129	198
221	84
221	239
239	170
3	108
3	129
163	170
115	224
224	45
45	168
168	34
34	3
31	170
80	142
80	150
142	0
0	107
107	191
191	80
191	135
150	35
35	61
35	108
35	111
135	198
19	133
5	133
207	87
207	170
87	35
61	133
88	35
111	240
240	207
102	188
188	57
57	3
