# Directed graph: generated_jazz_song_16.txt 
# Nodes: 45 Edges: 90
# FromNodeId	ToNodeId
105	87
105	133
105	170
105	191
133	105
133	129
133	170
133	187
133	198
133	207
187	84
84	19
84	35
84	133
84	168
84	233
233	213
233	221
221	84
221	239
239	105
191	80
80	142
80	150
142	3
142	40
142	154
142	170
3	129
3	133
87	35
87	133
87	163
207	105
170	3
170	154
170	178
154	19
154	69
69	155
155	79
79	40
79	142
40	66
40	123
66	79
123	213
213	174
213	224
224	45
45	26
45	88
45	140
45	168
45	198
140	122
122	224
26	224
198	84
198	225
19	87
163	84
174	221
129	142
129	198
225	52
52	80
52	168
168	31
168	34
168	84
168	133
168	213
34	31
34	70
34	131
34	225
70	147
147	34
131	31
131	53
53	131
31	34
31	142
31	168
35	45
35	133
88	35
178	34
150	31
