# Directed graph: generated_rock_song_1.txt 
# Nodes: 27 Edges: 70
# FromNodeId	ToNodeId
44	5
44	13
44	55
44	57
44	70
44	101
44	111
44	114
70	13
70	44
70	101
70	114
13	27
13	44
13	46
13	70
13	76
13	101
13	114
101	13
101	44
101	63
101	76
101	108
101	114
114	13
114	17
114	27
114	44
114	55
114	101
114	117
117	44
117	101
46	105
105	13
105	114
108	13
108	44
27	5
27	44
27	81
27	101
27	131
17	70
111	114
55	39
55	44
55	114
39	76
76	24
76	101
76	127
24	81
81	27
81	51
51	5
51	131
131	51
131	101
5	27
5	108
57	105
127	96
96	13
63	61
61	5
61	121
121	88
88	61
