# Directed graph: generated_jazz_song_51.txt 
# Nodes: 41 Edges: 78
# FromNodeId	ToNodeId
105	35
105	133
105	163
35	108
35	111
35	133
35	137
35	168
133	3
133	12
133	87
133	125
133	146
133	170
133	198
133	207
12	133
170	3
170	31
170	35
3	80
3	129
3	133
3	197
129	3
129	142
142	3
142	35
198	84
198	87
198	105
198	170
198	231
87	106
87	198
87	225
106	87
207	105
207	170
146	35
108	198
108	200
108	237
200	84
84	31
84	105
84	133
197	25
25	31
31	61
31	84
31	224
61	133
111	55
111	186
55	43
43	88
88	35
186	105
163	133
125	87
225	52
225	185
185	191
191	57
191	80
191	225
52	170
224	191
80	142
168	3
231	89
89	191
57	105
137	115
115	108
237	45
45	133
