# Directed graph: generated_song_18.txt 
# Nodes: 46 Edges: 87
# FromNodeId	ToNodeId
105	87
105	116
105	142
105	191
191	188
191	221
221	84
84	19
84	121
84	163
84	168
84	170
121	133
133	84
133	118
133	168
133	198
133	207
168	14
168	230
14	129
129	80
129	84
80	142
80	150
142	3
142	40
3	19
3	72
3	129
3	133
72	69
69	35
35	22
35	111
35	133
35	225
111	162
162	133
118	87
87	35
87	133
87	164
87	233
198	35
198	84
198	87
198	105
198	106
40	80
150	31
31	133
31	170
170	3
170	35
170	225
207	84
207	87
19	125
19	133
19	233
106	80
230	89
89	57
89	191
89	225
225	52
225	188
52	150
52	172
163	170
22	105
164	19
125	135
135	207
233	89
57	105
57	165
116	170
188	57
188	61
165	153
153	108
108	198
172	4
4	133
61	133
