# Directed graph: generated_rock_song_17.txt 
# Nodes: 29 Edges: 65
# FromNodeId	ToNodeId
44	13
44	17
44	61
44	95
44	101
44	114
44	131
61	121
121	61
121	76
121	88
76	13
76	24
76	101
24	0
0	67
0	127
67	0
127	76
13	44
13	101
13	108
13	112
13	116
17	44
101	13
101	27
101	44
101	108
101	114
101	131
27	37
27	50
27	70
27	101
27	114
114	13
114	44
114	101
112	13
116	13
108	44
108	131
131	27
131	50
131	81
131	101
131	125
125	27
70	3
3	55
55	101
50	5
50	131
5	33
5	81
5	108
95	114
81	27
81	61
81	91
91	5
37	5
33	81
88	61
