# Directed graph: generated_jazz_song_60.txt 
# Nodes: 37 Edges: 79
# FromNodeId	ToNodeId
105	3
105	89
105	178
105	181
105	191
3	39
3	108
3	133
108	133
108	198
133	84
133	142
133	198
133	205
133	207
207	104
207	105
104	80
80	150
150	31
31	36
31	166
166	174
174	84
174	111
174	186
174	187
174	233
187	84
187	105
84	19
84	31
84	35
84	39
84	142
84	163
84	174
84	233
19	84
19	133
233	89
89	174
89	176
89	178
178	89
178	108
178	142
198	84
198	87
198	99
198	105
198	133
198	170
198	172
172	3
205	84
142	3
142	35
142	40
142	154
40	172
35	19
35	84
35	133
87	201
201	84
163	133
154	19
186	84
36	35
170	85
85	89
176	187
111	198
191	187
39	133
39	178
99	178
181	84
