# Directed graph: generated_jazz_song_26.txt 
# Nodes: 40 Edges: 80
# FromNodeId	ToNodeId
105	35
105	108
105	133
105	181
105	198
105	225
198	84
198	105
198	137
198	170
225	45
45	140
45	170
140	185
140	198
84	3
84	105
84	121
84	163
84	198
84	200
121	129
129	80
129	198
80	142
142	31
31	45
31	80
31	172
185	224
224	45
170	3
170	14
170	154
170	163
3	5
3	108
3	111
3	133
111	133
133	84
133	163
133	170
133	198
133	207
207	84
137	115
137	198
163	129
163	133
163	170
154	133
154	142
108	125
108	133
108	188
108	234
188	57
57	105
57	152
57	154
125	135
135	174
174	84
200	22
22	105
181	35
35	108
35	137
35	170
234	89
89	57
89	188
172	14
14	133
115	102
102	89
102	230
152	102
230	3
