# Directed graph: generated_jazz_song_48.txt 
# Nodes: 49 Edges: 87
# FromNodeId	ToNodeId
105	35
105	172
105	191
191	35
191	57
191	170
57	84
84	89
84	126
84	142
84	163
84	165
84	168
84	186
84	191
165	164
164	19
19	135
135	198
198	84
198	87
198	105
198	133
198	170
198	208
168	35
168	52
168	133
35	80
35	108
35	133
35	168
35	191
35	225
133	16
133	125
133	194
133	198
133	207
186	198
170	5
170	35
170	154
170	163
163	133
163	198
87	110
110	198
208	84
16	133
194	198
108	193
193	84
89	45
45	142
45	173
173	141
141	237
237	225
225	45
225	50
142	31
142	35
31	35
31	80
31	131
125	105
50	170
154	19
154	133
5	3
3	129
129	198
126	88
88	35
80	146
80	150
150	31
131	31
146	36
36	35
52	168
207	170
172	14
14	139
139	205
205	84
