# Directed graph: generated_song_38.txt 
# Nodes: 48 Edges: 83
# FromNodeId	ToNodeId
105	35
105	80
105	142
80	142
80	149
142	3
142	31
142	35
142	172
3	52
3	129
3	133
3	197
52	170
170	14
170	35
170	162
170	163
14	135
135	200
200	99
99	188
188	57
188	61
61	6
61	170
163	133
133	84
133	115
133	168
133	194
133	198
133	200
133	202
115	108
108	35
35	3
35	107
35	112
35	133
198	84
198	87
198	89
198	105
198	170
168	133
57	198
87	133
84	0
84	35
84	39
84	61
84	191
84	233
112	207
207	84
6	8
8	22
22	125
125	106
106	80
149	35
202	84
191	198
194	84
39	133
233	89
89	172
89	174
174	187
187	84
172	3
129	142
31	133
107	0
0	29
0	107
0	209
29	142
197	35
162	133
209	193
193	133
