# Directed graph: generated_song_37.txt 
# Nodes: 40 Edges: 79
# FromNodeId	ToNodeId
105	35
105	80
105	87
105	89
80	31
80	142
80	150
142	31
142	34
142	35
142	40
142	79
34	181
181	80
181	84
181	87
84	19
84	31
84	133
84	225
19	133
133	3
133	198
133	205
198	84
198	87
198	105
198	129
198	133
198	170
170	35
170	108
170	133
170	178
87	79
87	163
87	181
163	133
79	142
31	45
31	61
31	108
31	181
45	168
168	133
205	105
205	170
89	80
89	178
35	108
35	133
35	170
35	191
108	115
108	129
108	198
108	230
178	55
178	142
40	79
191	80
129	31
129	133
129	198
55	69
69	157
157	18
18	15
15	152
152	102
102	80
150	35
115	108
61	84
225	52
52	172
172	14
14	129
3	133
