# Directed graph: generated_jazz_song_9.txt 
# Nodes: 40 Edges: 88
# FromNodeId	ToNodeId
105	3
105	57
105	172
105	191
105	213
213	42
42	188
188	57
188	69
188	135
57	105
57	165
57	170
165	28
28	135
28	188
170	3
170	5
170	14
170	31
170	80
170	188
170	191
3	52
3	108
3	111
3	133
108	84
108	115
108	154
108	193
108	198
115	105
115	108
191	80
191	164
191	185
80	142
142	0
142	31
142	35
31	35
31	108
31	142
31	149
149	35
35	80
35	108
35	133
84	3
84	105
198	35
198	84
198	87
198	170
133	16
133	105
133	115
133	116
133	170
133	188
133	198
133	205
172	14
14	133
154	19
154	28
154	69
154	133
69	154
185	191
164	19
19	154
135	198
135	206
206	205
205	25
205	198
193	84
52	170
5	3
111	133
87	170
0	2
2	133
25	31
16	133
116	170
