# Directed graph: generated_jazz_song_42.txt 
# Nodes: 36 Edges: 73
# FromNodeId	ToNodeId
105	84
105	89
105	121
105	178
89	174
174	84
174	187
84	11
84	14
84	35
84	133
84	135
84	142
84	174
84	198
133	35
133	84
133	87
133	170
133	194
133	198
133	207
198	84
198	87
198	105
198	133
198	172
198	178
198	194
198	207
170	133
170	154
170	164
164	19
19	154
19	198
178	34
178	99
178	108
99	178
34	57
57	152
152	102
102	37
37	108
108	133
108	188
108	198
194	84
135	198
14	133
172	3
3	108
35	19
35	107
35	108
35	133
154	15
154	28
154	133
207	84
207	105
11	133
28	154
15	135
121	133
87	84
187	84
188	170
142	31
31	35
107	191
191	108
