# Directed graph: generated_song_3.txt 
# Nodes: 51 Edges: 90
# FromNodeId	ToNodeId
105	108
105	133
108	129
108	133
108	154
108	198
133	19
133	61
133	84
133	196
133	198
133	205
19	84
19	133
198	31
198	84
198	87
198	101
198	137
101	188
188	57
188	61
61	6
61	14
14	108
129	162
162	170
170	3
170	31
170	35
170	215
31	80
31	170
31	191
31	236
80	144
144	32
32	218
218	48
48	170
215	191
191	84
191	165
84	31
84	87
84	133
84	163
84	172
84	178
84	201
84	223
84	225
84	233
172	3
3	84
3	133
3	188
225	45
45	142
45	168
168	34
34	12
12	160
160	84
233	91
91	176
176	84
87	35
87	133
35	108
35	133
236	89
89	3
89	191
57	164
164	19
178	108
178	221
221	198
6	133
205	170
201	105
196	89
165	102
102	178
154	133
163	133
137	198
223	45
142	35
