# Directed graph: generated_song_12.txt 
# Nodes: 46 Edges: 84
# FromNodeId	ToNodeId
105	51
105	143
105	178
105	191
143	35
35	111
35	133
35	135
35	191
35	225
191	57
191	176
57	105
57	165
176	84
84	3
84	35
84	108
84	178
84	198
3	39
3	129
3	133
39	133
133	163
133	198
133	205
198	3
198	35
198	84
198	105
198	168
198	170
135	198
170	150
170	154
170	163
150	35
225	188
188	57
165	102
102	69
102	178
178	0
178	84
178	99
108	3
108	115
108	157
108	185
185	170
163	84
163	133
0	209
209	193
193	24
24	31
31	35
31	108
31	142
111	133
205	84
129	47
47	45
45	168
168	3
168	84
51	140
140	31
142	31
142	40
142	154
154	28
154	108
154	142
40	79
79	142
115	108
157	35
99	102
69	154
28	182
182	72
72	3
