# Directed graph: generated_song_93.txt 
# Nodes: 43 Edges: 83
# FromNodeId	ToNodeId
105	90
105	133
105	198
105	224
105	233
133	146
133	163
133	170
133	198
133	207
133	229
207	105
207	170
170	3
170	31
170	35
31	15
31	35
31	80
31	142
80	150
150	34
34	31
142	3
142	31
15	157
157	28
157	111
111	163
111	240
163	84
163	133
229	133
3	108
3	133
198	84
198	87
198	105
198	170
84	3
84	96
84	105
84	163
84	176
87	3
87	233
233	89
233	95
89	174
89	191
191	105
191	176
191	187
174	198
176	57
176	84
176	184
184	79
79	142
79	148
35	79
35	108
35	111
35	233
240	207
90	191
187	198
95	176
96	191
57	35
148	157
28	135
135	200
200	84
108	198
108	233
146	36
36	35
224	45
224	173
45	173
173	185
185	224
