# Directed graph: generated_jazz_song_89.txt 
# Nodes: 41 Edges: 77
# FromNodeId	ToNodeId
105	87
105	143
105	178
87	35
87	102
87	133
133	19
133	84
133	87
133	163
133	170
133	198
170	10
170	12
170	35
170	174
10	133
198	37
198	84
198	87
198	105
198	133
198	178
198	188
198	232
178	99
178	108
178	142
178	170
99	37
37	133
37	178
143	35
35	26
35	108
35	154
35	178
154	9
154	142
9	3
3	52
3	129
129	133
163	133
163	198
84	163
84	170
84	186
142	34
142	154
142	191
34	131
131	142
191	133
19	133
232	108
108	133
108	137
137	115
137	198
115	87
174	35
26	224
224	45
45	198
188	57
188	100
57	3
52	150
150	31
31	170
12	160
160	84
186	198
102	188
100	46
46	100
