# Directed graph: generated_jazz_song_8.txt 
# Nodes: 39 Edges: 78
# FromNodeId	ToNodeId
105	191
105	198
105	233
191	3
191	45
191	142
191	221
45	170
170	3
170	154
170	163
163	133
133	198
133	200
133	205
133	207
207	87
87	35
87	133
35	108
35	137
35	170
108	115
108	157
108	198
115	108
157	111
111	133
198	84
198	89
198	133
198	170
198	172
198	200
198	201
201	105
89	176
89	178
89	187
89	191
178	188
178	221
188	57
188	61
57	105
221	84
221	89
3	108
3	133
3	198
84	3
84	35
84	89
84	121
84	133
84	153
84	168
84	178
84	221
168	3
172	3
172	14
14	133
154	57
233	89
187	84
142	35
137	198
121	133
153	164
164	133
205	84
200	84
200	87
176	188
61	165
165	167
167	188
