# Directed graph: generated_jazz_song_27.txt 
# Nodes: 48 Edges: 87
# FromNodeId	ToNodeId
105	35
105	98
105	102
105	225
35	30
35	68
35	108
35	133
35	187
35	191
187	87
187	105
87	108
87	191
87	233
191	80
191	146
191	185
191	188
185	224
224	45
45	140
140	31
31	35
31	108
31	178
178	89
178	105
178	142
178	188
89	191
89	233
188	57
188	61
188	84
188	170
61	105
98	79
79	142
142	3
142	31
108	115
108	133
108	198
115	108
198	84
84	35
84	57
84	163
84	187
133	84
133	87
133	102
133	170
133	198
57	165
165	152
165	164
164	19
19	87
233	89
233	95
146	35
30	40
40	79
152	102
102	178
102	188
163	170
170	3
170	14
170	80
170	154
14	133
154	28
28	15
15	133
225	188
3	129
3	170
129	31
80	150
150	35
68	89
95	192
192	130
130	205
