# Directed graph: generated_jazz_song_47.txt 
# Nodes: 44 Edges: 82
# FromNodeId	ToNodeId
105	35
105	121
105	142
105	172
105	233
142	3
142	31
142	39
142	154
142	191
31	36
31	142
31	151
151	84
84	35
84	111
84	133
84	174
84	186
133	80
133	84
133	87
133	163
133	188
133	198
133	205
205	84
205	87
205	106
35	108
35	133
35	178
178	200
200	37
37	133
198	84
198	87
198	105
198	133
198	170
87	133
87	188
188	57
188	61
57	154
154	108
154	142
108	198
108	215
233	89
89	174
174	3
174	108
3	108
3	133
186	198
111	112
112	205
106	80
80	142
39	225
225	45
45	168
45	170
45	198
170	3
170	5
170	31
170	35
121	133
61	170
5	108
172	3
36	35
163	170
215	45
191	185
185	224
224	45
168	230
230	213
213	82
