# Directed graph: generated_song_98.txt 
# Nodes: 43 Edges: 87
# FromNodeId	ToNodeId
105	35
105	89
105	149
105	198
35	34
35	80
35	108
35	112
35	233
112	233
233	89
89	174
89	186
89	191
186	105
149	31
31	15
31	35
31	142
31	174
31	225
34	181
181	84
181	133
84	3
84	14
84	31
84	35
84	89
84	121
84	133
84	163
84	172
84	187
133	19
133	116
133	121
133	163
133	198
133	205
163	133
198	84
198	87
198	133
198	170
116	87
87	35
87	84
174	108
174	168
174	221
108	133
108	137
108	193
19	135
135	174
168	84
168	198
80	150
150	31
150	35
142	154
154	133
121	129
121	133
187	84
187	105
129	84
129	187
14	133
170	31
15	188
188	57
57	172
172	3
3	108
3	129
3	133
191	80
191	168
193	24
24	31
225	52
52	181
205	84
221	105
137	198
