# Directed graph: generated_song_50.txt 
# Nodes: 42 Edges: 85
# FromNodeId	ToNodeId
105	35
105	89
105	165
105	191
105	233
89	174
89	188
89	191
191	80
191	108
191	133
191	185
191	225
225	45
225	52
45	140
45	168
45	170
168	31
168	124
168	133
168	171
168	198
31	108
108	115
108	133
108	200
200	84
84	96
84	163
84	168
84	176
84	198
84	233
198	84
198	87
198	105
198	170
198	225
170	14
170	35
170	133
170	154
170	163
154	234
234	89
188	57
57	105
57	165
165	138
165	153
153	108
115	105
233	89
133	111
133	168
133	188
133	198
133	205
133	207
163	198
87	133
87	233
171	170
35	45
35	111
35	170
140	122
122	224
224	45
224	191
80	142
142	35
111	133
207	84
96	191
205	170
14	133
124	225
176	198
138	125
125	87
174	84
185	224
52	168
