# Directed graph: generated_jazz_song_2.txt 
# Nodes: 47 Edges: 87
# FromNodeId	ToNodeId
105	87
105	89
105	191
89	90
89	142
89	168
89	225
142	35
142	172
172	3
3	108
3	111
3	129
3	133
129	133
133	84
133	118
133	198
133	207
198	84
198	87
198	89
198	105
198	142
198	233
84	3
84	35
84	89
84	108
84	181
84	198
84	233
111	133
87	84
87	102
87	168
87	181
102	178
178	84
108	110
108	133
108	198
191	224
224	45
224	47
45	26
45	170
26	229
229	224
47	45
170	3
170	35
170	80
170	108
170	163
110	133
225	50
50	170
80	150
150	31
31	133
207	84
207	170
181	59
181	72
181	143
59	209
209	193
193	237
237	170
35	108
35	137
137	198
168	35
168	84
233	89
233	133
90	181
72	69
69	154
154	15
15	188
188	61
61	170
118	87
143	3
163	105
