# Directed graph: generated_song_36.txt 
# Nodes: 43 Edges: 82
# FromNodeId	ToNodeId
105	35
105	84
105	87
105	121
35	108
35	133
35	137
35	170
137	198
198	84
198	105
198	133
198	135
198	170
198	200
198	201
135	198
170	3
170	14
170	31
170	35
170	163
3	108
3	129
3	133
133	31
133	116
133	170
133	194
133	198
133	207
163	170
207	84
84	22
84	31
84	35
84	142
84	186
84	187
84	191
84	198
84	230
230	5
5	3
121	133
87	37
37	108
37	112
112	198
186	84
142	3
142	31
142	35
31	35
31	80
31	170
31	224
129	53
53	131
131	142
201	84
187	84
108	35
108	105
108	198
14	133
194	84
22	205
205	84
224	45
45	237
237	198
80	142
191	178
178	69
69	155
155	79
79	98
98	3
116	105
200	99
99	37
