# Directed graph: generated_song_15.txt 
# Nodes: 36 Edges: 77
# FromNodeId	ToNodeId
105	135
105	178
105	191
105	198
105	233
233	89
89	168
89	174
89	191
191	57
191	105
191	198
57	105
57	165
135	198
198	80
198	84
198	87
198	89
198	105
198	133
198	142
198	172
133	19
133	49
133	84
133	142
133	198
84	3
84	5
84	19
84	35
84	108
84	170
84	172
84	174
84	176
84	181
181	150
181	208
150	31
31	80
31	84
31	142
31	181
19	84
19	133
108	133
174	31
174	84
170	188
188	84
5	111
111	163
163	84
163	133
80	57
80	142
165	153
153	90
90	191
87	163
35	133
142	3
142	31
142	35
142	79
142	80
79	98
98	3
3	108
3	133
172	3
49	142
178	89
168	84
208	84
