# Directed graph: generated_song_47.txt 
# Nodes: 42 Edges: 78
# FromNodeId	ToNodeId
105	35
105	54
105	80
105	191
35	31
35	133
35	225
35	233
225	45
225	188
188	170
188	198
198	84
198	87
198	89
198	105
198	133
198	172
198	225
170	35
170	163
133	84
133	87
133	198
54	31
54	170
163	133
89	174
89	191
191	57
191	80
57	105
57	164
57	198
164	19
19	84
84	57
84	89
84	133
84	168
172	3
3	108
3	133
108	198
80	142
80	149
80	150
149	35
233	35
31	61
31	80
31	133
31	198
142	31
142	39
87	140
140	122
122	224
224	45
45	142
45	168
45	173
173	185
185	224
39	133
174	191
61	6
6	8
8	22
22	205
205	84
150	35
168	3
168	34
168	52
34	111
111	35
52	168
