# Directed graph: generated_rock_song_33.txt 
# Nodes: 28 Edges: 70
# FromNodeId	ToNodeId
44	0
44	13
44	47
44	52
44	101
44	114
0	70
0	76
76	0
70	13
70	27
70	101
70	114
70	131
101	44
101	70
101	95
101	114
101	117
101	131
117	44
47	101
13	44
13	70
13	95
13	96
13	101
13	112
13	114
114	39
114	44
114	55
114	95
114	101
55	0
55	13
55	101
95	13
95	70
95	101
96	70
131	47
131	51
51	5
5	33
5	81
81	5
81	27
81	50
81	109
27	37
27	50
27	81
50	5
50	27
50	131
33	121
121	88
88	61
61	5
61	114
109	5
109	61
37	27
37	81
39	42
39	55
42	39
112	44
52	13
