# Directed graph: generated_jazz_song_45.txt 
# Nodes: 41 Edges: 78
# FromNodeId	ToNodeId
105	135
105	233
135	198
198	84
198	133
198	232
84	11
84	35
84	45
84	88
84	133
84	163
84	172
84	174
84	176
84	198
35	79
35	133
35	168
35	170
35	200
35	225
200	84
200	99
11	133
133	163
133	164
133	194
133	198
133	200
174	19
174	84
174	142
174	187
174	221
221	84
88	35
45	170
170	3
170	174
170	225
3	108
3	133
108	133
108	172
163	170
163	198
168	84
187	84
225	80
80	142
80	146
142	191
142	233
233	89
89	174
19	84
19	87
19	133
176	188
188	57
57	84
57	164
99	188
164	19
87	35
146	35
79	139
139	133
232	178
178	105
191	165
165	37
37	108
172	3
172	14
194	84
14	108
