# Directed graph: generated_jazz_song_33.txt 
# Nodes: 47 Edges: 87
# FromNodeId	ToNodeId
105	35
105	110
105	178
110	198
198	84
198	142
198	170
198	200
198	232
198	233
84	31
84	45
84	133
84	168
84	174
84	200
45	142
45	170
45	180
142	3
142	31
142	34
31	45
31	61
31	168
61	55
61	170
170	3
170	5
170	124
170	154
170	163
170	191
163	84
163	133
133	170
133	187
133	198
133	207
233	89
89	142
89	191
191	133
191	146
146	35
35	22
35	45
35	61
55	69
69	154
69	157
154	69
154	133
157	18
18	188
188	57
57	34
34	35
34	45
34	131
131	53
53	133
207	105
124	34
22	205
205	213
213	178
178	170
178	198
5	133
180	170
168	3
168	133
3	129
3	133
187	164
164	19
19	233
129	220
220	84
174	221
221	84
200	37
200	105
37	108
108	198
232	108
