# Directed graph: generated_rock_song_8.txt 
# Nodes: 27 Edges: 65
# FromNodeId	ToNodeId
44	17
44	27
44	72
44	78
44	101
44	103
44	114
114	13
114	39
114	44
114	55
114	70
114	74
114	101
13	44
13	70
13	101
13	114
101	13
101	44
101	55
101	70
101	76
101	95
101	108
101	114
101	117
101	131
131	27
131	51
131	81
51	131
81	50
81	51
81	109
27	44
27	81
27	101
55	101
55	114
95	72
95	101
108	44
108	131
70	44
70	101
70	131
109	64
64	5
5	33
33	5
33	50
50	81
50	108
74	105
105	114
76	13
76	127
127	55
39	95
72	44
72	114
117	13
103	13
78	101
