# Directed graph: generated_jazz_song_70.txt 
# Nodes: 46 Edges: 84
# FromNodeId	ToNodeId
105	51
105	89
105	191
105	198
51	61
61	133
133	87
133	129
133	170
133	198
133	200
133	205
133	224
200	105
89	174
174	220
220	31
31	61
31	80
87	3
3	108
3	129
129	3
129	134
134	133
224	173
173	133
198	35
198	84
198	105
198	133
198	142
198	170
198	172
198	208
198	229
84	35
84	121
84	170
84	198
35	34
35	84
35	108
35	111
35	127
35	133
35	137
108	133
108	135
108	198
172	3
172	14
121	133
170	14
170	31
170	35
170	102
14	133
111	27
27	117
117	84
205	106
106	80
80	57
80	142
80	150
57	105
229	198
142	35
142	80
127	108
135	99
99	189
189	198
150	35
34	45
45	140
140	185
185	170
102	188
188	170
137	198
208	84
191	80
