# Directed graph: generated_jazz_song_20.txt 
# Nodes: 50 Edges: 82
# FromNodeId	ToNodeId
105	102
105	108
105	133
105	142
105	149
105	172
105	191
105	225
149	35
35	30
35	108
35	233
233	89
89	178
178	99
178	188
188	57
188	61
188	170
57	105
57	154
57	165
133	163
133	188
133	198
133	207
198	87
198	105
102	69
102	188
165	167
167	188
170	10
170	176
176	87
176	133
154	28
154	142
142	3
142	31
31	36
31	142
36	35
108	133
108	188
108	198
108	237
87	78
87	102
87	191
191	105
191	188
172	14
14	133
69	154
28	15
15	23
23	113
113	115
115	105
115	108
237	52
52	170
78	39
39	111
111	25
111	27
25	31
3	133
163	133
207	84
84	178
99	188
61	170
10	111
27	117
117	93
93	191
225	45
45	115
30	40
40	172
