# Directed graph: generated_jazz_song_90.txt 
# Nodes: 34 Edges: 76
# FromNodeId	ToNodeId
105	35
105	225
225	52
52	150
52	168
52	170
170	34
170	35
170	163
170	176
170	215
170	224
170	225
224	52
168	31
168	52
168	84
168	198
215	191
191	35
191	188
35	108
35	111
35	133
35	191
108	133
108	198
108	205
133	188
133	198
198	31
198	84
198	87
198	105
198	133
198	142
188	57
188	170
150	31
150	35
31	84
31	131
31	225
84	35
84	142
84	163
84	168
84	174
84	176
84	178
84	198
163	84
163	133
131	170
176	61
176	84
176	198
142	150
142	170
61	31
174	84
111	133
87	102
102	178
178	34
178	108
34	12
34	57
12	133
57	153
57	165
153	108
205	170
165	234
234	95
95	176
