# Directed graph: generated_song_66.txt 
# Nodes: 42 Edges: 73
# FromNodeId	ToNodeId
105	54
105	174
174	35
174	84
174	187
35	108
35	112
35	133
35	170
133	129
133	150
133	198
133	205
198	84
198	89
198	105
198	142
89	108
89	174
108	35
108	133
142	31
142	35
142	170
142	174
187	84
84	45
84	89
84	148
84	168
84	198
84	225
168	198
45	79
79	142
170	3
170	31
170	35
170	162
3	107
3	133
31	36
31	133
31	142
31	170
129	142
205	170
107	0
107	191
0	107
191	80
80	142
80	150
150	31
150	35
162	170
54	165
165	28
28	125
125	135
135	206
206	94
94	158
158	191
36	35
225	52
52	142
148	61
61	152
152	35
112	236
236	95
95	176
