# Directed graph: generated_song_25.txt 
# Nodes: 43 Edges: 80
# FromNodeId	ToNodeId
105	3
105	35
105	121
105	172
105	191
105	233
3	108
3	111
3	129
129	80
129	133
129	186
186	198
198	84
198	87
198	105
198	133
84	3
84	88
84	89
84	133
84	163
84	168
84	181
84	198
168	84
133	84
133	188
133	198
133	205
205	84
205	106
111	112
112	237
237	198
35	61
35	133
35	233
233	89
89	174
89	176
89	188
89	230
230	129
172	14
14	129
80	142
80	150
150	57
57	170
57	178
170	5
170	35
170	154
154	133
188	57
188	60
188	133
60	170
178	84
181	133
181	170
5	133
121	133
191	80
142	31
31	193
193	84
88	35
61	55
55	67
67	174
174	84
174	108
163	133
108	198
108	233
87	181
106	233
176	188
