# Directed graph: generated_song_55.txt 
# Nodes: 43 Edges: 85
# FromNodeId	ToNodeId
105	35
105	80
105	233
233	35
233	89
89	174
89	191
174	142
174	170
174	198
170	3
170	14
170	163
14	133
133	20
133	87
133	135
133	198
20	198
198	84
198	87
198	89
198	105
198	133
198	232
142	0
142	3
142	31
0	2
0	65
2	142
3	39
3	108
3	129
3	135
3	164
39	25
25	35
35	3
35	80
35	108
35	133
35	137
84	35
84	89
84	181
181	72
72	80
80	142
80	150
80	170
150	3
150	31
150	35
150	172
172	3
135	198
135	207
207	105
65	142
31	36
31	80
31	166
31	233
137	198
87	168
87	176
87	191
168	31
129	80
108	31
108	194
166	174
194	84
191	80
191	187
187	87
176	188
188	61
61	170
164	19
19	84
232	198
36	35
163	133
