# Directed graph: generated_jazz_song_43.txt 
# Nodes: 46 Edges: 85
# FromNodeId	ToNodeId
105	84
105	87
105	89
105	121
105	133
105	191
105	198
191	80
80	142
142	3
142	31
142	35
142	133
142	154
35	133
35	137
35	225
35	233
225	52
52	168
52	170
168	52
168	84
84	0
84	133
84	148
84	168
84	174
84	176
84	178
84	181
84	187
84	198
148	61
61	35
61	55
137	198
198	84
198	105
198	106
198	170
198	200
178	99
99	188
188	61
188	135
135	198
176	221
221	84
181	170
170	5
170	14
170	35
5	133
133	198
133	207
233	89
89	3
89	142
89	172
3	108
3	129
3	133
108	35
200	84
187	105
121	198
0	2
2	133
207	84
14	110
110	198
174	142
129	31
31	80
31	142
106	87
87	105
87	133
154	57
57	188
55	43
43	88
88	35
172	3
