# Directed graph: generated_song_71.txt 
# Nodes: 42 Edges: 81
# FromNodeId	ToNodeId
105	35
105	80
105	89
105	98
105	102
105	172
105	181
105	224
105	233
80	150
150	34
34	31
31	133
133	168
133	187
133	198
133	205
205	84
84	35
84	89
84	133
84	142
84	168
198	76
198	84
198	89
198	105
198	229
233	89
89	102
89	129
89	187
89	230
230	108
230	172
172	14
14	133
187	84
187	105
187	198
187	207
129	142
142	133
142	154
142	178
154	38
38	133
181	143
143	142
35	84
35	108
35	133
35	187
168	3
168	133
3	108
3	133
207	105
108	115
108	133
108	198
115	105
224	47
47	45
45	188
188	57
57	178
178	102
178	170
178	221
170	35
102	69
102	178
102	230
229	198
98	174
174	187
69	157
157	133
221	198
76	142
