# Directed graph: generated_jazz_song_86.txt 
# Nodes: 55 Edges: 84
# FromNodeId	ToNodeId
105	35
105	89
105	102
105	135
135	200
200	105
102	99
99	178
178	142
142	0
142	34
142	35
142	174
0	2
0	107
107	0
2	35
35	80
35	108
35	133
35	137
137	73
73	13
13	133
133	105
133	115
133	116
133	170
133	198
133	205
198	84
198	87
198	105
198	133
198	142
170	14
170	154
14	133
115	108
108	188
108	198
84	35
84	133
84	174
87	225
87	233
225	45
45	140
140	123
123	219
219	52
52	142
174	15
174	84
174	221
221	187
187	84
188	57
188	170
57	165
165	164
164	133
15	188
154	142
34	181
181	39
39	133
233	89
233	95
95	176
176	184
184	79
79	98
98	3
3	133
80	31
31	133
116	233
89	191
89	230
191	3
230	172
172	3
205	84
