# Directed graph: generated_rock_song_6.txt 
# Nodes: 29 Edges: 69
# FromNodeId	ToNodeId
44	0
44	13
44	50
44	52
44	57
44	101
44	102
44	108
44	114
44	133
44	138
57	114
114	13
114	44
114	70
114	101
70	13
70	27
70	101
70	114
101	13
101	27
101	44
101	52
101	70
101	78
101	114
13	44
13	70
13	76
13	95
13	101
95	13
138	58
58	101
52	49
52	101
27	44
27	50
27	101
27	114
102	44
133	61
61	5
61	121
5	61
5	81
121	76
121	88
76	0
76	24
76	101
50	5
50	27
81	27
108	33
33	124
124	61
88	24
24	0
24	76
0	39
0	55
0	76
39	44
39	114
78	13
49	13
55	0
