# Directed graph: generated_song_58.txt 
# Nodes: 42 Edges: 76
# FromNodeId	ToNodeId
105	35
105	102
105	121
105	133
105	191
105	233
133	35
133	123
133	198
133	205
198	84
198	87
198	105
198	133
87	55
87	186
55	64
64	57
57	165
57	170
165	164
164	133
102	37
37	108
108	198
35	133
205	207
205	233
207	84
84	79
84	121
84	163
84	172
84	181
84	186
163	129
129	80
80	142
80	150
80	170
142	0
142	31
142	40
142	191
40	80
150	3
3	129
3	133
79	142
79	148
0	79
191	31
191	80
191	84
191	105
170	174
174	3
174	84
31	133
31	225
233	89
233	172
89	191
121	133
172	3
172	14
14	133
186	84
186	190
181	87
190	188
188	57
123	213
213	191
225	79
148	150
