# Directed graph: generated_jazz_song_50.txt 
# Nodes: 46 Edges: 84
# FromNodeId	ToNodeId
105	35
105	121
105	143
105	225
35	19
35	108
35	112
35	133
35	137
108	198
198	31
198	84
198	105
198	133
198	163
198	201
198	232
201	105
121	133
121	198
133	198
84	3
84	35
84	57
84	89
84	121
84	129
84	142
84	230
84	233
142	35
142	115
142	129
115	89
89	174
89	188
89	191
89	192
89	233
174	84
174	111
111	164
164	19
19	133
19	198
3	133
191	178
191	221
178	72
178	142
178	170
170	35
170	174
163	170
129	14
129	135
129	198
14	129
31	178
72	80
80	142
112	84
112	207
57	35
230	3
188	102
102	178
135	194
194	84
233	89
192	112
207	87
87	168
168	35
168	84
143	191
221	198
225	185
185	224
224	45
45	140
45	168
140	45
137	198
