# Directed graph: generated_song_60.txt 
# Nodes: 43 Edges: 84
# FromNodeId	ToNodeId
105	191
105	233
191	80
191	225
80	142
80	146
146	35
35	34
35	61
35	84
35	108
35	133
34	31
31	108
31	142
31	181
142	0
142	31
142	35
142	40
142	154
0	29
29	142
154	19
154	28
19	133
133	194
133	198
133	205
133	207
198	84
198	89
198	105
198	111
198	142
198	163
198	205
108	198
108	233
233	89
233	93
89	45
89	191
89	192
89	233
93	91
91	191
194	84
84	11
84	35
84	89
84	198
11	133
207	84
207	170
170	14
170	31
170	188
181	72
181	142
61	170
188	57
188	170
14	133
111	55
111	133
111	186
186	198
205	87
205	133
205	198
205	207
163	133
225	188
57	230
230	89
45	142
192	111
87	181
72	80
40	111
55	69
69	154
28	133
