# Directed graph: generated_song_90.txt 
# Nodes: 35 Edges: 81
# FromNodeId	ToNodeId
105	35
105	87
105	133
105	135
105	181
135	198
135	207
207	84
207	105
84	5
84	35
84	39
84	87
84	133
84	176
84	181
84	186
176	57
57	84
57	165
87	35
87	102
87	105
35	108
35	133
35	181
35	191
133	16
133	163
133	168
133	186
133	198
133	207
163	84
163	198
5	3
5	133
3	5
3	108
3	133
108	170
108	198
108	233
233	213
213	133
198	84
198	87
198	89
198	105
198	133
198	172
181	39
181	52
181	170
39	133
170	3
170	5
170	14
170	163
14	133
16	133
52	142
52	168
168	84
191	188
191	225
188	57
188	135
188	170
186	84
186	190
190	188
165	167
167	188
172	3
172	14
89	191
225	52
142	35
102	230
230	172
