# Directed graph: generated_song_99.txt 
# Nodes: 50 Edges: 88
# FromNodeId	ToNodeId
105	35
105	191
105	224
105	225
35	108
35	112
35	133
35	157
35	191
35	225
112	233
233	35
233	89
233	93
93	191
191	57
191	80
191	135
191	136
80	149
80	170
149	31
31	33
31	36
31	225
33	34
34	35
34	233
225	45
225	52
225	185
185	191
136	80
170	3
170	154
170	162
3	133
133	61
133	150
133	198
133	205
150	35
157	28
28	135
28	154
135	198
135	206
198	31
198	84
198	105
198	133
198	137
198	172
198	204
172	3
137	198
204	106
106	154
154	19
154	28
154	142
142	30
142	31
142	34
45	198
36	35
224	188
188	170
162	133
205	84
84	35
84	142
30	40
40	2
2	35
206	94
94	188
19	133
52	168
168	84
108	133
108	233
57	153
153	164
164	133
61	35
89	178
178	89
