# Directed graph: generated_song_63.txt 
# Nodes: 46 Edges: 83
# FromNodeId	ToNodeId
105	98
105	142
105	170
98	3
3	129
3	133
3	170
170	3
170	35
170	191
129	3
129	31
129	80
80	142
80	150
142	31
142	35
142	170
31	33
31	131
31	191
31	193
191	80
191	133
191	176
150	35
35	61
35	108
35	111
108	133
108	230
230	89
89	129
89	174
89	186
174	89
186	84
84	0
84	3
84	20
84	57
84	133
84	142
84	152
84	178
84	191
84	198
20	198
198	84
198	105
198	133
133	84
133	188
133	198
133	205
178	84
57	153
57	198
153	28
28	182
182	72
72	80
131	14
14	129
61	84
152	102
102	188
188	54
188	57
54	3
0	142
193	24
24	35
111	55
111	133
176	184
184	79
79	139
139	133
205	89
33	34
34	111
55	69
