# Directed graph: generated_jazz_song_84.txt 
# Nodes: 45 Edges: 83
# FromNodeId	ToNodeId
105	89
105	90
105	188
105	198
188	61
61	165
61	170
165	153
165	198
153	164
164	19
19	133
133	108
133	198
133	200
133	205
205	170
205	198
198	84
198	87
198	89
198	105
198	133
198	170
84	3
84	31
84	61
84	80
84	163
84	181
80	150
150	35
35	34
35	80
35	108
35	133
34	31
31	36
31	121
36	35
87	37
37	108
37	133
108	112
108	115
108	133
108	198
108	233
181	111
111	205
89	1
89	90
89	174
89	191
1	17
17	233
233	89
191	105
191	165
90	174
90	178
174	35
174	37
170	9
170	14
170	163
9	3
3	108
3	129
115	108
121	133
200	84
163	84
163	129
129	3
129	133
14	135
135	198
112	237
237	89
178	69
69	154
154	142
