# Directed graph: generated_jazz_song_87.txt 
# Nodes: 47 Edges: 79
# FromNodeId	ToNodeId
105	133
105	191
133	35
133	84
133	116
133	168
133	198
133	207
198	84
198	89
198	133
198	168
198	191
84	31
84	35
84	61
84	133
84	154
84	181
84	198
168	52
168	172
172	3
3	108
3	186
108	133
108	188
108	198
188	57
57	89
89	191
191	45
191	187
191	221
191	224
187	84
35	80
35	111
35	112
35	133
80	144
80	150
144	32
32	225
225	45
45	88
45	115
45	140
45	233
115	108
116	233
233	89
233	93
93	174
174	108
207	84
221	84
221	105
181	150
150	3
150	35
112	205
205	84
61	6
6	133
31	80
186	84
111	35
224	45
140	122
122	224
88	35
154	234
234	95
95	178
178	200
200	37
37	108
52	170
