# Directed graph: generated_song_34.txt 
# Nodes: 42 Edges: 77
# FromNodeId	ToNodeId
105	35
105	80
105	133
133	125
133	170
133	198
133	205
133	207
198	31
198	84
198	87
198	89
198	105
198	133
198	200
198	201
35	19
35	111
35	133
84	35
84	121
84	133
84	140
84	142
84	172
84	174
140	122
122	224
224	45
224	47
45	180
45	198
180	170
170	3
170	14
170	163
3	129
3	135
3	224
47	45
200	99
99	233
233	89
89	174
89	188
188	57
188	61
61	170
14	19
14	135
135	198
129	142
129	198
87	133
205	84
174	84
174	108
142	3
142	31
201	84
207	84
121	133
125	94
94	188
57	105
80	142
31	79
31	170
31	191
191	198
79	63
63	35
111	198
163	133
108	198
172	14
19	133
