# Directed graph: generated_song_27.txt 
# Nodes: 45 Edges: 81
# FromNodeId	ToNodeId
105	35
105	80
105	110
105	191
105	233
191	80
191	146
191	168
168	133
168	171
168	174
174	187
174	198
187	105
110	133
133	105
133	118
133	168
133	170
133	198
133	205
198	84
198	87
198	105
198	194
198	201
201	84
84	19
84	24
84	111
84	133
84	163
84	168
84	198
24	31
31	35
31	61
31	143
35	84
35	112
35	133
163	133
163	170
170	3
170	35
170	154
170	163
118	87
87	121
87	188
188	57
188	60
57	105
57	188
233	89
89	191
146	35
112	84
19	125
125	113
125	133
113	224
224	45
45	170
154	28
28	125
205	105
205	106
106	87
60	170
3	133
121	133
80	150
150	31
61	6
6	8
8	22
22	133
194	84
111	133
171	170
