# Directed graph: generated_rock_song_38.txt 
# Nodes: 29 Edges: 69
# FromNodeId	ToNodeId
44	13
44	17
44	27
44	53
44	55
44	61
44	103
44	114
27	44
27	47
27	101
47	101
101	0
101	44
101	72
101	76
101	95
101	117
114	13
114	44
114	76
114	81
114	101
13	44
13	70
13	95
13	114
95	13
95	72
95	101
117	101
0	61
0	76
61	5
61	11
61	33
61	121
121	61
11	88
88	24
24	0
24	61
76	13
76	24
76	101
5	33
5	81
33	27
33	61
33	88
55	95
72	101
72	138
70	44
70	131
131	81
81	27
81	50
81	101
50	5
103	13
17	57
17	114
17	138
138	17
138	102
102	17
57	70
53	102
