# Directed graph: generated_song_64.txt 
# Nodes: 39 Edges: 78
# FromNodeId	ToNodeId
105	87
105	90
105	133
87	35
87	37
87	133
87	181
37	108
108	19
108	142
108	198
142	31
142	35
31	108
198	35
198	84
198	87
198	105
198	133
198	135
198	170
198	172
172	3
172	14
14	129
14	133
133	170
133	194
133	198
133	205
181	170
170	3
170	10
170	12
170	14
170	35
170	89
170	163
89	176
89	191
89	233
176	87
176	198
35	89
35	133
35	157
84	35
84	89
84	108
84	133
84	163
84	164
84	181
233	91
91	176
135	198
135	207
207	87
163	133
163	170
3	133
205	198
10	133
90	191
191	61
191	135
194	84
19	133
12	133
129	142
61	6
6	8
8	22
22	84
164	26
26	224
224	45
45	170
