# Directed graph: generated_jazz_song_65.txt 
# Nodes: 46 Edges: 79
# FromNodeId	ToNodeId
105	98
105	133
105	163
163	133
133	80
133	84
133	118
133	198
133	200
80	150
150	31
31	36
36	35
35	89
35	133
35	137
35	191
35	225
137	198
198	31
198	84
198	89
198	105
198	143
198	170
89	57
89	102
89	176
89	191
102	178
178	108
108	133
108	185
200	105
98	3
3	108
3	133
185	191
185	224
224	45
45	140
45	173
45	198
45	237
173	185
191	188
191	198
191	221
188	170
170	3
170	14
170	154
170	163
14	129
129	47
47	45
176	35
143	12
12	133
84	35
84	133
84	168
84	174
118	87
87	225
225	45
225	181
181	170
154	142
142	3
168	230
230	72
72	3
174	220
174	224
140	3
220	170
57	35
221	84
