# Directed graph: generated_song_82.txt 
# Nodes: 53 Edges: 92
# FromNodeId	ToNodeId
105	35
105	224
105	233
224	45
45	140
45	168
140	45
168	3
168	84
84	3
84	87
84	163
84	168
84	174
84	181
181	143
143	40
40	14
14	133
133	25
133	198
133	200
200	84
200	99
3	108
3	133
108	115
108	133
108	198
115	105
35	80
35	89
35	108
80	57
80	142
80	150
150	35
198	22
198	84
198	87
198	133
198	170
99	102
102	80
142	35
142	154
142	191
191	31
191	80
191	178
178	142
154	9
9	28
28	135
135	205
135	207
207	84
22	133
87	79
87	164
87	233
233	95
233	97
233	172
172	3
170	12
170	215
215	191
57	105
95	176
176	84
163	133
25	31
25	233
97	89
89	174
89	191
174	31
174	221
31	129
31	135
31	170
12	109
109	205
205	25
205	106
129	163
79	142
106	87
164	19
19	84
221	105
