# Directed graph: generated_rock_song_39.txt 
# Nodes: 32 Edges: 68
# FromNodeId	ToNodeId
44	13
44	27
44	30
44	55
44	78
44	101
44	102
44	114
30	101
101	44
101	70
101	72
101	76
101	114
55	76
55	78
76	0
76	13
13	44
13	96
13	101
13	114
114	5
114	13
114	44
114	55
114	95
114	101
114	105
95	13
95	110
27	81
81	50
81	64
81	91
81	114
81	121
91	51
51	5
5	12
5	27
5	81
5	108
108	44
70	44
102	17
17	105
105	13
105	17
105	114
64	81
50	5
12	5
0	61
61	5
61	121
121	76
121	88
88	61
88	121
96	49
49	20
20	105
78	13
78	114
110	103
103	81
72	76
