# Directed graph: generated_jazz_song_78.txt 
# Nodes: 56 Edges: 87
# FromNodeId	ToNodeId
105	84
105	89
105	198
105	224
198	84
198	87
198	105
198	133
198	170
198	178
198	219
178	34
34	181
181	170
170	3
170	5
170	31
170	163
170	224
31	133
133	198
133	207
87	105
89	174
174	84
84	3
84	57
84	105
84	108
84	163
84	186
84	198
84	206
84	223
223	183
183	173
173	185
185	224
224	45
224	180
224	188
180	170
163	133
163	198
186	190
190	188
188	57
57	154
57	164
57	172
154	28
154	133
3	5
3	129
3	133
129	162
162	170
172	14
14	40
40	123
123	224
45	140
45	170
5	111
111	112
111	200
112	125
125	135
135	198
140	198
219	52
52	168
168	84
108	133
207	84
164	19
19	135
206	205
205	84
200	99
99	154
28	182
182	69
69	157
157	18
18	23
23	113
