# Directed graph: generated_rock_song_15.txt 
# Nodes: 27 Edges: 67
# FromNodeId	ToNodeId
44	13
44	27
44	54
44	55
44	70
44	95
44	101
95	13
95	27
13	27
13	70
13	101
13	110
13	114
101	13
101	27
101	44
101	72
101	76
101	108
101	114
72	101
114	13
114	17
114	44
114	55
114	70
114	101
17	18
17	58
17	114
58	17
70	13
70	27
70	44
70	114
54	44
27	44
27	50
27	81
27	101
27	104
81	5
81	61
81	114
55	39
55	95
55	101
55	114
39	44
39	55
18	136
136	13
76	24
76	99
24	76
99	127
127	39
110	70
104	27
61	5
5	33
5	44
5	81
33	5
50	27
108	44
