# Directed graph: generated_song_11.txt 
# Nodes: 39 Edges: 70
# FromNodeId	ToNodeId
105	35
105	80
105	135
105	178
105	191
191	80
191	172
80	142
80	150
80	170
150	35
35	108
35	133
35	233
108	133
108	198
198	22
198	84
198	87
198	105
198	207
84	35
84	57
84	89
84	129
84	174
84	191
84	198
174	84
57	35
57	105
178	142
142	31
31	61
31	224
224	45
45	168
45	173
173	141
141	231
231	89
89	174
89	176
89	186
89	191
129	198
176	133
133	87
133	115
133	198
133	205
87	133
87	145
87	224
115	108
22	235
235	216
216	191
172	3
3	133
145	87
168	35
61	14
14	133
205	233
233	89
170	3
135	198
186	84
207	84
