# Directed graph: generated_song_74.txt 
# Nodes: 43 Edges: 78
# FromNodeId	ToNodeId
105	35
105	191
105	225
191	133
191	188
188	170
170	154
170	187
154	28
154	133
154	142
28	135
135	198
198	84
198	105
198	133
198	137
198	200
225	50
225	52
52	142
52	181
142	31
142	154
31	35
31	133
31	142
31	169
35	19
35	127
35	133
35	154
35	225
19	84
19	133
84	3
84	14
84	31
84	35
84	133
84	176
84	198
84	233
3	133
133	84
133	186
133	187
133	198
133	207
200	84
14	84
127	108
108	35
108	135
137	115
115	108
187	84
187	105
181	143
143	31
186	84
233	89
89	178
89	233
178	133
169	124
124	213
213	185
185	191
207	84
50	170
176	61
61	55
55	64
64	57
57	153
153	164
164	19
