# Directed graph: generated_jazz_song_72.txt 
# Nodes: 50 Edges: 81
# FromNodeId	ToNodeId
105	142
105	165
165	153
153	154
154	15
154	234
15	133
133	61
133	118
133	170
133	198
133	200
133	205
133	207
207	84
207	105
207	170
142	31
142	35
35	133
35	137
198	84
198	87
198	133
198	142
198	170
170	3
170	31
170	162
170	215
3	224
224	45
45	140
45	233
233	89
89	102
89	191
191	172
191	176
191	188
172	14
14	133
84	35
84	89
84	108
84	133
84	198
87	133
87	181
118	87
181	111
111	133
200	84
200	133
31	108
31	133
108	193
108	237
193	123
123	213
213	82
82	69
82	123
69	154
234	89
176	133
61	6
6	8
8	22
22	235
235	216
216	191
188	135
135	207
215	45
140	163
163	84
237	170
162	133
205	84
137	198
