# Directed graph: generated_song_97.txt 
# Nodes: 53 Edges: 85
# FromNodeId	ToNodeId
105	35
105	110
105	198
105	225
35	80
35	102
35	108
35	133
133	20
133	116
133	157
133	198
133	207
198	84
198	87
198	89
198	105
198	172
89	90
89	102
90	191
191	61
191	136
191	176
61	6
6	133
87	35
87	133
87	181
172	3
3	111
3	129
129	198
110	133
20	198
84	3
84	24
84	89
84	176
84	178
111	133
116	170
170	14
170	35
170	163
108	133
108	200
200	93
93	191
136	80
80	142
80	150
150	31
31	225
225	45
225	144
45	140
140	185
185	170
163	105
144	32
32	80
142	0
0	107
107	0
107	191
176	84
176	170
14	133
24	35
102	37
102	188
37	112
112	205
205	87
181	208
208	84
178	108
157	18
18	23
23	15
15	133
207	105
188	57
57	35
