# Directed graph: generated_rock_song_75.txt 
# Nodes: 37 Edges: 76
# FromNodeId	ToNodeId
44	13
44	27
44	39
44	95
44	101
44	114
13	5
13	44
13	70
13	76
13	95
13	101
13	114
95	44
95	101
101	44
101	57
101	70
101	72
101	76
72	44
39	44
39	114
114	13
114	44
114	45
114	46
114	55
114	70
114	101
114	123
70	13
70	76
70	114
70	117
123	44
55	13
45	25
25	28
28	115
115	122
122	102
102	17
17	58
17	138
58	17
138	114
76	7
76	13
76	24
24	39
24	61
61	5
61	121
5	27
5	33
5	44
5	81
33	121
121	61
121	114
27	5
27	50
27	101
50	5
81	109
81	114
57	114
46	105
105	13
117	13
7	67
67	11
11	88
88	24
109	61
