# Directed graph: generated_jazz_song_56.txt 
# Nodes: 37 Edges: 67
# FromNodeId	ToNodeId
105	54
105	142
105	191
142	34
142	35
34	108
108	115
108	198
198	84
198	87
198	105
198	129
198	133
198	170
198	200
84	11
84	133
84	163
84	170
84	198
163	131
163	133
133	186
133	198
133	205
133	207
87	133
87	163
87	186
87	224
224	45
45	168
168	3
3	108
3	133
207	15
207	105
191	170
191	172
170	5
170	14
170	31
170	35
170	188
14	133
31	80
80	146
146	36
36	35
35	3
35	133
205	170
186	84
186	198
5	108
129	198
188	61
61	165
165	198
131	142
200	93
93	191
172	14
11	133
15	133
54	3
115	108
