# Directed graph: generated_song_92.txt 
# Nodes: 43 Edges: 78
# FromNodeId	ToNodeId
105	45
105	172
105	233
45	170
170	3
170	9
170	164
164	19
164	133
19	108
19	133
19	154
108	35
108	133
108	193
108	198
133	163
133	198
133	205
133	207
198	35
198	84
198	87
198	89
198	105
198	133
198	170
233	89
89	3
89	191
191	84
84	19
84	31
84	35
84	57
84	142
84	168
84	188
31	0
31	80
31	97
31	166
166	174
174	84
154	9
154	19
154	133
9	28
28	154
87	108
35	108
35	133
205	181
181	84
142	129
129	80
80	150
80	170
150	31
0	209
209	164
3	133
188	57
188	170
57	35
57	152
168	34
34	31
97	84
172	3
193	24
24	31
207	117
117	84
152	102
102	178
178	188
163	108
