# Directed graph: generated_jazz_song_32.txt 
# Nodes: 38 Edges: 85
# FromNodeId	ToNodeId
105	54
105	87
105	108
105	174
105	198
174	84
174	168
174	233
168	31
168	174
168	198
233	89
89	57
89	174
57	105
57	165
57	170
170	12
170	31
170	108
170	154
170	162
170	163
162	133
133	84
133	170
133	188
133	198
198	31
198	84
198	87
198	105
198	129
198	133
198	170
129	198
12	133
87	35
87	133
87	145
87	181
87	188
87	224
145	87
224	191
191	45
191	80
80	170
163	170
163	198
35	26
35	133
35	191
84	31
84	35
84	89
84	108
84	186
186	105
188	57
165	133
165	167
108	133
108	137
108	205
137	198
31	45
31	108
31	142
31	143
31	149
31	170
45	168
181	208
208	84
142	31
142	35
54	165
167	188
154	133
205	87
149	31
143	142
26	115
115	108
