# Directed graph: generated_jazz_song_10.txt 
# Nodes: 49 Edges: 83
# FromNodeId	ToNodeId
105	89
105	90
105	172
105	191
191	3
191	57
191	133
191	146
133	16
133	84
133	121
133	198
84	3
84	79
84	89
84	129
84	163
84	181
181	170
170	89
170	163
163	133
163	198
198	84
198	105
198	106
198	178
198	205
129	53
129	57
129	198
172	3
3	133
3	186
3	187
178	170
89	129
89	191
146	35
146	78
78	148
148	40
40	80
80	142
80	150
150	31
31	36
31	142
31	168
142	34
34	35
35	31
35	110
35	191
35	233
233	95
95	192
192	74
74	226
226	52
52	168
168	133
168	172
205	105
90	108
108	133
53	131
131	31
36	35
186	84
187	105
57	164
57	230
164	19
19	198
79	63
63	35
121	198
110	133
230	5
5	3
16	133
106	80
