# Directed graph: generated_song_83.txt 
# Nodes: 51 Edges: 88
# FromNodeId	ToNodeId
105	87
105	89
105	111
105	191
89	174
89	187
89	191
174	233
233	35
233	89
191	142
191	188
191	221
188	57
57	19
19	125
19	233
19	236
236	95
95	176
176	61
61	165
165	164
164	19
125	135
135	207
207	105
87	133
87	181
133	87
133	129
133	194
133	198
181	84
181	170
170	3
170	35
170	102
3	133
198	84
198	105
198	170
84	19
84	31
84	45
84	133
84	181
84	198
45	140
45	168
45	233
140	45
140	123
123	213
213	185
185	224
224	45
168	198
31	33
31	131
31	133
131	53
131	142
53	131
142	31
142	35
35	108
35	133
35	191
35	225
225	45
225	181
187	105
111	133
194	84
129	198
102	80
80	144
80	150
144	32
32	80
150	31
150	35
108	198
221	106
106	80
33	34
34	225
