# Directed graph: generated_jazz_song_88.txt 
# Nodes: 42 Edges: 79
# FromNodeId	ToNodeId
105	90
105	172
105	233
90	191
191	57
191	108
57	3
57	170
3	108
3	133
133	25
133	170
133	198
198	84
198	88
198	89
198	105
198	133
198	142
198	170
198	191
198	207
198	225
84	35
84	178
84	198
35	133
35	178
25	31
25	111
31	35
31	149
31	170
149	35
172	14
14	108
14	111
14	133
108	125
108	128
108	133
108	237
128	108
125	135
135	206
206	94
94	188
188	57
170	5
170	14
170	31
170	154
178	133
178	142
142	0
142	3
142	5
142	34
142	35
237	25
111	170
111	238
5	3
5	111
238	148
148	157
157	133
154	142
88	35
225	52
52	142
0	79
0	107
107	0
79	142
34	35
89	129
129	198
207	84
