# Directed graph: generated_song_8.txt 
# Nodes: 46 Edges: 84
# FromNodeId	ToNodeId
105	35
105	89
105	115
105	142
105	191
89	57
89	80
89	129
89	174
89	191
191	37
191	80
191	133
191	176
191	188
191	221
188	61
61	165
165	153
165	233
233	89
80	146
80	178
146	35
35	79
35	108
35	111
35	133
133	16
133	19
133	84
133	87
133	146
133	168
133	198
198	84
198	89
198	105
198	170
115	224
224	191
176	221
221	84
221	187
187	84
84	35
84	79
84	87
84	89
178	99
99	233
174	111
111	133
37	108
108	133
108	198
108	237
129	53
53	131
131	142
142	31
142	35
79	139
79	142
31	52
31	79
87	108
87	188
19	113
113	105
52	168
168	84
168	133
139	205
205	198
170	9
9	3
3	230
230	89
57	105
237	89
153	90
90	191
16	133
