# Directed graph: generated_song_43.txt 
# Nodes: 42 Edges: 78
# FromNodeId	ToNodeId
105	35
105	87
105	172
105	225
225	45
225	185
185	170
170	3
170	10
170	14
170	154
154	133
133	31
133	61
133	116
133	198
133	202
133	205
205	84
205	106
106	87
87	35
87	133
87	163
87	170
87	198
198	31
198	35
198	84
198	87
198	89
198	105
198	106
3	133
35	31
35	54
35	133
54	165
165	28
28	125
125	114
114	88
88	35
61	6
6	133
31	108
31	151
31	225
108	198
45	140
140	198
84	35
84	89
84	133
84	163
84	170
84	233
89	133
89	174
89	191
174	187
187	84
233	89
191	57
57	34
57	152
34	57
152	213
213	185
14	133
202	84
163	105
163	133
172	3
116	105
10	111
111	205
151	84
