# Directed graph: generated_jazz_song_1.txt 
# Nodes: 55 Edges: 90
# FromNodeId	ToNodeId
105	35
35	61
35	108
35	133
108	133
108	198
108	237
237	45
45	26
45	170
26	233
233	86
233	89
233	221
89	108
89	174
89	191
89	233
174	198
198	25
198	84
198	89
198	102
198	191
198	233
84	0
84	11
84	88
84	133
84	154
84	181
88	35
133	102
133	108
133	198
133	202
133	205
133	207
86	191
191	45
191	80
191	188
170	178
170	187
187	84
154	18
154	133
18	133
80	142
80	150
142	35
205	84
205	133
102	178
102	179
179	72
72	7
7	132
132	144
144	32
32	218
218	48
48	170
178	37
178	88
61	6
6	133
207	84
207	87
11	133
37	172
172	14
14	133
202	84
181	80
150	40
40	66
66	79
79	139
139	133
87	233
221	84
221	89
0	209
209	164
164	19
19	84
25	233
188	69
69	154
