# Directed graph: generated_rock_song_4.txt 
# Nodes: 32 Edges: 70
# FromNodeId	ToNodeId
44	13
44	26
44	27
44	55
44	70
44	95
44	101
44	111
44	112
44	114
44	131
44	138
101	13
101	27
101	44
101	72
101	76
101	114
13	44
13	46
13	55
13	101
13	105
13	110
13	114
95	55
95	101
114	13
114	17
114	44
114	55
114	101
46	105
105	13
105	44
138	17
17	44
17	105
55	0
55	13
55	39
55	114
110	13
111	114
0	127
127	55
127	62
62	127
26	96
96	114
72	117
117	118
118	44
112	44
27	24
27	44
27	81
27	101
76	101
24	67
67	76
70	44
131	27
81	27
81	33
33	5
33	101
5	81
39	121
121	33
