# Directed graph: generated_jazz_song_81.txt 
# Nodes: 43 Edges: 78
# FromNodeId	ToNodeId
105	133
105	170
105	178
105	191
105	233
233	89
233	133
133	80
133	188
133	194
133	198
198	84
198	87
198	105
198	142
198	172
84	5
84	35
84	39
84	89
84	133
84	198
5	3
3	108
3	129
3	133
188	57
188	61
57	34
57	188
34	3
129	133
87	201
201	84
172	3
80	142
80	150
150	31
31	36
31	170
36	35
35	19
35	133
142	3
142	31
142	35
142	154
170	12
170	14
170	162
12	133
39	178
178	108
178	142
108	133
162	89
89	90
89	174
89	225
225	52
52	80
194	84
90	191
191	142
191	170
191	176
191	221
221	105
176	188
61	133
154	133
174	186
186	84
19	105
14	135
135	207
207	99
99	188
