# Directed graph: generated_song_40.txt 
# Nodes: 43 Edges: 78
# FromNodeId	ToNodeId
105	54
105	110
105	191
191	188
188	170
170	3
170	10
170	13
170	14
170	35
13	14
14	133
133	61
133	87
133	186
133	198
133	207
198	84
198	87
198	105
198	106
198	133
198	170
84	3
84	39
84	80
84	89
84	105
84	133
84	154
84	163
84	170
84	174
154	18
154	142
18	15
18	23
15	133
15	157
157	159
159	18
23	15
3	129
3	133
3	224
10	135
135	200
200	84
224	45
45	168
168	84
110	133
207	84
80	150
150	31
31	170
61	35
61	170
35	61
35	137
137	198
106	3
129	3
129	142
142	3
142	133
142	154
87	84
87	198
163	170
54	5
5	133
89	174
174	187
187	84
186	84
39	178
178	142
