# Directed graph: generated_jazz_song_94.txt 
# Nodes: 44 Edges: 79
# FromNodeId	ToNodeId
105	35
105	110
105	233
35	108
35	133
133	61
133	198
133	205
133	207
198	31
198	84
198	87
198	105
198	170
84	35
84	121
84	163
84	168
84	186
84	198
163	129
163	170
170	3
170	14
170	31
170	154
170	163
3	52
3	129
52	172
172	14
14	133
87	35
108	115
108	133
108	193
108	233
233	95
233	97
95	176
176	84
121	133
61	31
31	80
31	142
31	170
31	181
80	142
80	178
178	108
205	123
123	213
213	214
214	45
45	170
154	28
154	69
154	133
154	142
69	154
129	31
129	80
142	35
142	115
142	154
115	105
115	108
110	133
97	89
89	90
90	191
191	142
28	198
207	117
117	84
181	39
39	133
186	84
168	3
