# Directed graph: generated_jazz_song_36.txt 
# Nodes: 47 Edges: 83
# FromNodeId	ToNodeId
105	121
105	135
105	143
105	191
191	61
191	84
61	55
55	43
43	87
87	176
87	181
176	84
176	133
133	170
133	198
133	205
133	207
198	84
198	87
198	105
198	133
84	3
84	35
84	89
84	133
84	154
84	176
84	178
84	186
84	191
84	201
186	57
186	84
186	198
35	108
35	112
35	233
108	84
108	133
207	84
207	105
207	133
207	225
135	80
135	198
201	84
154	28
154	57
28	18
28	154
18	188
188	57
57	105
57	165
165	12
165	105
121	129
129	198
143	35
112	207
225	52
52	170
170	35
170	154
12	133
80	150
150	31
150	35
233	172
172	14
14	133
3	133
181	150
31	45
45	140
140	123
123	98
98	174
174	186
178	221
221	198
205	207
89	186
