# Directed graph: generated_song_72.txt 
# Nodes: 48 Edges: 89
# FromNodeId	ToNodeId
105	45
105	80
105	191
80	57
80	150
57	89
57	154
57	164
154	28
154	133
28	135
135	174
135	207
174	168
174	198
174	221
198	84
198	105
198	133
198	172
133	53
133	198
133	207
207	84
207	87
84	3
84	24
84	164
84	176
84	191
84	233
164	22
164	133
191	80
191	87
191	136
191	142
150	35
35	19
35	38
35	79
35	133
35	154
35	233
233	89
233	93
93	174
168	31
168	84
89	174
89	188
89	191
89	230
221	239
239	170
170	3
170	12
3	133
3	135
172	14
14	111
111	200
200	102
102	188
188	57
188	170
22	235
235	216
216	191
87	35
87	133
45	140
45	168
140	224
224	191
142	31
142	35
31	35
31	45
53	133
24	35
38	108
108	233
230	89
136	80
79	142
19	84
176	57
12	133
