# Directed graph: generated_jazz_song_58.txt 
# Nodes: 35 Edges: 69
# FromNodeId	ToNodeId
105	35
105	89
105	121
105	133
105	225
105	233
133	19
133	84
133	198
133	207
198	84
198	89
198	105
198	170
198	207
198	224
89	172
89	174
89	186
89	191
191	35
191	188
35	3
35	133
35	225
84	3
84	35
84	105
84	133
84	142
84	163
84	168
84	174
84	181
163	105
121	133
207	99
207	105
99	154
99	189
154	19
19	84
19	133
3	129
3	133
170	3
170	35
129	84
174	3
174	84
233	89
172	14
14	135
135	198
186	84
181	87
87	233
188	57
57	105
57	198
224	45
45	170
189	57
168	84
142	35
225	52
225	188
52	173
173	141
