# Directed graph: generated_jazz_song_0.txt 
# Nodes: 42 Edges: 77
# FromNodeId	ToNodeId
105	35
105	79
105	133
105	142
105	181
142	3
142	31
142	35
142	154
3	129
3	133
133	129
133	198
133	205
198	84
198	89
198	105
198	135
79	142
129	31
129	80
129	142
129	198
31	13
31	35
31	129
31	133
31	170
89	174
89	186
89	191
89	213
89	224
191	198
135	207
207	170
170	3
170	5
170	154
154	28
154	57
154	142
28	154
57	153
153	164
164	19
19	233
233	89
174	202
202	84
84	3
84	35
84	89
84	198
84	233
224	45
45	198
13	14
13	137
137	73
73	13
14	133
205	84
181	208
208	84
35	26
35	45
35	80
35	225
26	115
115	105
80	142
186	84
213	185
185	170
225	52
52	170
