# Directed graph: generated_song_5.txt 
# Nodes: 46 Edges: 80
# FromNodeId	ToNodeId
105	79
105	121
105	191
79	98
79	142
98	3
3	111
3	133
133	198
133	205
198	25
198	84
198	105
198	133
198	137
198	170
198	232
198	233
84	121
84	133
84	142
84	163
84	172
84	191
84	225
225	45
225	48
45	79
45	170
142	31
142	35
31	80
31	166
31	225
80	178
178	72
178	88
72	69
69	154
154	142
35	34
35	133
35	137
35	187
137	73
137	198
73	13
13	14
14	133
121	133
232	178
232	198
233	89
89	174
174	35
174	188
34	31
48	170
170	3
170	31
170	162
205	84
205	207
191	221
191	224
224	45
162	133
172	3
111	55
55	64
64	57
57	35
57	170
207	105
25	232
88	35
221	84
163	133
166	174
188	57
