# Directed graph: generated_song_84.txt 
# Nodes: 40 Edges: 76
# FromNodeId	ToNodeId
105	121
121	133
133	79
133	129
133	198
133	205
198	75
198	84
198	87
198	89
198	170
170	3
170	31
170	108
170	154
3	39
3	108
3	133
3	230
84	35
84	87
84	133
84	163
84	172
84	174
84	181
84	191
84	198
181	52
181	170
52	170
52	172
172	3
172	14
14	133
205	181
108	133
108	198
75	31
31	80
31	170
154	133
154	142
89	129
89	174
174	142
174	168
142	35
142	154
35	80
35	133
35	233
233	89
129	84
129	186
163	133
87	3
87	52
39	133
186	84
191	221
221	84
80	142
80	150
150	34
34	70
34	225
70	147
147	34
225	188
188	57
57	3
230	5
5	3
168	84
79	191
