# Directed graph: generated_jazz_song_29.txt 
# Nodes: 40 Edges: 75
# FromNodeId	ToNodeId
105	142
142	0
142	3
142	31
142	40
142	115
40	66
66	79
79	142
79	148
148	150
150	35
35	108
108	35
108	115
108	133
108	188
108	198
108	233
233	89
89	191
89	230
191	186
186	84
186	198
198	84
198	87
87	3
87	35
87	55
87	79
87	181
87	198
55	64
64	57
57	165
165	37
165	133
37	178
178	142
31	35
31	80
31	129
188	57
133	84
133	118
133	198
133	207
84	3
84	31
84	89
84	133
84	186
84	198
207	87
0	3
0	65
0	107
3	80
3	107
3	111
3	129
3	133
80	142
80	149
129	133
230	3
107	0
65	142
115	108
118	87
111	133
149	31
181	39
39	25
