# Directed graph: generated_rock_song_36.txt 
# Nodes: 31 Edges: 70
# FromNodeId	ToNodeId
44	13
44	57
44	70
44	95
44	101
44	114
44	138
114	3
114	5
114	10
114	13
114	44
114	70
114	101
101	44
101	46
101	95
101	114
101	138
95	13
95	44
95	55
95	101
70	13
70	44
70	131
131	81
81	27
81	50
50	5
50	27
5	27
5	33
5	81
33	124
124	61
61	5
61	121
121	5
121	61
27	44
27	50
27	81
27	101
57	108
108	44
13	17
13	44
13	95
13	101
13	114
17	55
17	105
55	0
55	127
127	73
73	0
0	24
0	39
0	127
24	61
10	78
78	13
138	13
138	58
58	17
105	114
3	70
39	114
46	105
