# Directed graph: generated_song_35.txt 
# Nodes: 44 Edges: 81
# FromNodeId	ToNodeId
105	35
105	84
105	110
105	133
105	174
105	191
84	3
84	105
84	108
84	168
84	188
168	31
168	52
168	84
168	174
108	178
178	237
237	198
198	84
198	105
198	133
198	142
198	170
3	133
133	168
133	198
133	207
174	186
174	198
170	14
170	31
170	163
31	36
31	80
31	142
31	224
31	225
36	35
35	45
35	112
35	133
35	187
110	133
45	79
45	180
79	45
180	148
148	150
150	31
150	35
188	57
57	34
57	89
57	170
89	57
89	174
225	188
34	3
207	87
87	35
112	233
233	97
97	89
186	84
52	168
80	150
142	0
142	31
142	35
187	105
191	142
191	188
0	107
0	209
107	0
209	164
164	115
115	105
224	191
163	170
14	133
