# Directed graph: generated_song_42.txt 
# Nodes: 49 Edges: 86
# FromNodeId	ToNodeId
105	45
105	121
105	135
105	181
135	194
135	207
194	84
84	3
84	89
84	121
84	133
84	140
84	164
84	165
84	178
84	191
84	233
164	22
22	235
235	216
216	191
191	45
191	57
191	80
191	225
57	35
57	153
57	170
153	28
153	130
28	135
207	105
181	39
39	133
133	198
133	207
198	84
198	89
198	106
198	137
198	201
198	208
106	87
87	170
170	3
170	5
170	35
170	154
3	108
3	133
108	128
108	133
108	188
108	205
128	108
188	57
5	108
205	170
35	133
35	137
121	133
201	105
45	79
45	84
45	198
137	198
165	153
130	205
154	133
89	174
89	191
174	224
224	45
208	84
140	198
233	91
91	191
79	142
142	115
142	191
115	108
178	84
80	142
225	52
52	168
168	84
