# Directed graph: generated_song_4.txt 
# Nodes: 33 Edges: 71
# FromNodeId	ToNodeId
105	35
105	133
105	142
105	172
105	178
105	191
178	99
178	102
99	178
102	108
108	84
108	198
198	75
198	84
198	87
198	105
198	137
198	163
198	170
198	200
172	3
3	111
3	129
3	133
133	84
133	198
133	205
133	207
205	170
170	3
170	9
170	35
170	163
9	3
84	3
84	35
84	105
84	133
84	163
84	198
163	133
163	170
137	198
35	80
35	84
35	108
35	133
80	142
142	0
142	3
142	35
142	40
142	105
87	133
207	84
207	104
207	105
191	45
45	168
168	84
111	133
104	80
200	84
75	31
31	142
40	79
79	142
0	107
107	0
107	35
129	207
