# Directed graph: generated_song_73.txt 
# Nodes: 42 Edges: 79
# FromNodeId	ToNodeId
105	45
105	54
105	89
105	135
105	142
105	157
105	225
135	198
198	84
198	87
198	89
198	105
84	3
84	35
84	89
84	108
84	133
84	198
35	108
35	133
108	133
108	188
108	237
237	35
133	115
133	135
133	198
133	205
133	207
115	105
45	108
45	170
188	57
188	60
60	170
170	3
170	176
176	84
176	184
89	90
89	129
89	168
89	174
89	176
184	79
79	191
191	133
191	188
157	18
18	188
57	19
57	34
57	89
57	165
34	57
165	28
165	153
165	167
153	164
164	19
19	198
19	233
233	89
129	198
87	35
87	133
205	121
121	198
3	133
54	165
28	135
225	45
207	105
168	84
90	191
142	31
31	34
167	188
174	84
