# Directed graph: generated_song_94.txt 
# Nodes: 47 Edges: 79
# FromNodeId	ToNodeId
105	35
105	121
105	133
105	178
105	198
35	54
35	133
35	170
170	35
170	163
133	170
133	198
133	205
133	207
198	84
198	105
198	108
198	133
198	205
198	225
225	45
45	233
233	89
89	188
89	191
191	3
191	172
191	221
3	108
108	115
108	133
84	31
84	80
84	198
84	230
84	233
230	3
115	103
103	182
182	72
72	80
80	142
80	150
142	31
142	35
205	84
205	207
207	84
207	105
188	57
188	62
188	198
57	165
165	102
102	188
31	84
31	133
31	142
178	84
150	31
150	35
54	5
5	133
163	133
121	133
221	191
172	14
14	135
135	99
99	188
62	153
153	164
164	26
26	119
119	212
212	209
209	193
193	24
24	35
