# Directed graph: generated_rock_song_90.txt 
# Nodes: 31 Edges: 72
# FromNodeId	ToNodeId
44	13
44	30
44	54
44	57
44	61
44	81
44	101
44	114
101	13
101	27
101	44
101	72
101	81
13	55
13	70
13	101
13	114
114	13
114	44
114	55
114	70
114	101
114	105
81	33
81	50
81	109
81	131
131	50
50	27
50	61
50	108
108	44
108	114
27	44
27	47
27	50
61	5
61	44
5	27
5	33
5	81
5	108
5	121
121	5
70	76
70	101
47	0
0	44
0	76
0	127
127	76
76	39
76	78
76	101
57	101
72	44
72	95
95	44
55	0
55	114
39	121
54	44
78	0
30	101
105	17
17	44
33	5
33	61
33	124
124	5
109	64
64	81
