# Directed graph: generated_jazz_song_18.txt 
# Nodes: 40 Edges: 81
# FromNodeId	ToNodeId
105	35
105	79
105	98
105	133
105	142
105	178
142	35
142	191
191	108
191	133
191	185
185	191
108	31
108	198
31	131
31	224
131	14
131	53
53	131
14	133
133	163
133	170
133	198
133	207
207	105
207	170
198	84
198	87
198	105
198	137
198	170
198	172
198	178
170	3
170	10
170	12
170	31
170	35
170	163
163	105
163	133
163	170
178	88
178	89
88	35
35	19
35	108
35	133
35	137
35	225
225	45
45	140
140	3
140	79
140	163
79	142
79	191
137	198
137	205
84	35
84	174
84	233
233	89
89	3
89	188
188	170
19	154
154	38
38	133
3	133
172	3
10	135
135	200
200	87
87	35
87	140
12	133
224	45
205	133
98	174
174	84
