# Directed graph: generated_song_28.txt 
# Nodes: 43 Edges: 79
# FromNodeId	ToNodeId
105	35
105	80
105	108
105	111
105	170
105	233
35	108
35	133
35	233
108	170
108	205
108	237
170	3
170	133
170	154
170	163
170	176
133	3
133	84
133	146
133	198
133	200
133	207
84	31
84	35
84	133
84	163
84	168
84	176
84	187
84	225
205	105
111	199
199	198
198	84
198	87
198	170
154	133
176	84
176	188
225	52
52	142
52	172
172	3
3	133
146	35
200	84
163	129
163	133
163	198
129	198
207	105
207	225
233	35
233	84
187	207
237	25
25	35
168	84
31	169
31	181
181	39
39	137
137	115
115	224
224	45
224	188
188	57
57	105
57	170
87	133
142	191
191	221
221	105
80	150
150	31
169	124
124	224
45	168
