# Directed graph: generated_song_75.txt 
# Nodes: 41 Edges: 78
# FromNodeId	ToNodeId
105	57
105	80
105	170
105	172
105	178
80	142
80	146
80	150
146	35
35	80
35	133
133	115
133	163
133	168
133	170
133	188
133	198
163	133
198	35
198	84
198	87
198	105
198	185
198	200
87	3
87	133
3	52
3	133
200	84
84	174
84	187
84	225
187	105
170	3
170	12
170	154
52	168
168	3
168	84
115	108
108	35
108	133
108	172
225	45
225	144
225	188
45	180
180	148
148	150
150	31
150	35
188	57
188	61
57	105
57	165
165	105
165	153
172	5
172	14
14	87
12	133
178	89
89	174
174	142
174	168
174	198
142	31
31	3
31	80
31	166
31	174
166	174
61	108
5	108
185	170
154	133
144	32
32	225
