# Directed graph: generated_jazz_song_85.txt 
# Nodes: 38 Edges: 77
# FromNodeId	ToNodeId
105	178
105	188
105	191
105	225
191	80
191	84
191	133
191	135
191	198
191	225
198	84
198	87
198	105
198	108
198	111
198	133
198	170
198	172
198	203
198	233
225	45
225	52
52	168
52	170
168	84
168	198
84	35
84	133
84	140
84	168
233	89
233	97
89	191
135	198
170	3
170	35
170	154
3	108
3	129
3	133
133	84
133	163
133	198
133	200
163	133
163	198
45	26
45	142
26	229
229	198
200	105
178	69
69	154
154	133
154	142
142	3
142	191
188	57
57	170
35	108
35	133
35	197
197	108
108	198
108	233
172	3
140	122
122	224
224	45
129	198
87	191
87	198
97	89
111	162
162	170
203	105
80	142
