# Directed graph: generated_song_56.txt 
# Nodes: 41 Edges: 77
# FromNodeId	ToNodeId
105	35
105	133
35	19
35	108
19	84
19	133
19	154
84	19
84	133
84	163
84	168
84	172
84	176
84	181
133	57
133	116
133	163
133	170
133	198
133	207
198	84
198	87
198	89
198	105
198	133
198	142
198	178
178	99
178	142
142	3
142	31
142	80
142	115
115	102
102	198
154	57
154	142
80	142
3	133
163	133
163	198
170	3
170	5
170	12
170	35
170	154
5	133
89	191
191	178
99	154
31	151
31	170
31	174
151	84
181	52
52	168
168	84
168	133
172	14
14	129
129	135
135	198
176	84
176	170
108	142
174	170
57	105
57	165
165	133
165	167
116	233
233	95
95	176
12	133
207	170
167	188
188	57
