# Directed graph: generated_song_14.txt 
# Nodes: 51 Edges: 87
# FromNodeId	ToNodeId
105	3
105	89
105	233
89	140
89	191
191	80
191	105
191	221
233	89
233	95
95	191
221	84
84	3
84	35
84	186
35	31
35	45
35	225
45	79
45	140
45	142
45	169
45	170
170	154
170	224
154	28
154	142
28	154
142	0
142	3
142	31
142	123
142	178
123	98
123	213
213	133
213	214
133	198
133	205
133	207
207	105
3	108
3	129
3	133
129	3
129	163
198	76
198	99
198	105
99	178
178	72
178	142
72	80
80	142
80	150
31	0
31	36
31	176
0	107
0	209
209	164
164	22
22	235
235	216
216	191
150	35
150	40
40	2
2	142
36	35
225	80
176	84
186	84
108	133
205	213
214	45
79	142
107	35
169	124
124	224
224	45
140	79
140	185
98	3
163	170
76	142
185	105
