# Directed graph: generated_rock_song_5.txt 
# Nodes: 25 Edges: 69
# FromNodeId	ToNodeId
44	17
44	30
44	70
44	101
44	114
44	131
30	101
101	27
101	44
101	55
101	81
101	114
27	5
27	44
27	50
27	51
27	101
81	5
81	27
81	50
81	101
81	114
50	5
50	27
70	13
70	44
70	101
5	27
5	33
5	81
5	114
5	121
114	0
114	13
114	27
114	44
114	101
121	61
121	88
61	5
61	11
61	81
61	121
88	24
88	61
11	0
11	88
24	0
24	61
33	5
33	61
55	39
55	101
131	27
51	61
13	76
13	101
13	114
76	13
76	24
76	101
0	67
0	76
0	127
67	76
127	39
39	55
39	114
17	44
