# Directed graph: generated_jazz_song_31.txt 
# Nodes: 47 Edges: 81
# FromNodeId	ToNodeId
105	143
105	172
143	36
36	35
35	19
35	111
35	133
35	157
157	159
159	18
18	188
188	57
57	3
57	152
152	35
111	133
111	233
233	89
89	174
174	93
93	91
91	176
176	133
133	108
133	118
133	125
133	198
133	207
133	229
198	31
198	84
198	133
198	170
198	172
198	200
198	232
84	31
84	35
84	57
84	121
84	168
84	170
170	5
170	10
170	31
170	163
10	135
135	198
200	105
172	3
3	111
3	129
3	133
31	35
31	80
31	133
31	151
31	181
108	170
5	111
5	133
207	87
207	170
87	133
125	87
118	87
151	84
129	80
80	142
80	150
150	5
181	102
102	37
37	31
142	31
168	35
19	133
229	133
121	133
163	133
232	108
