# Directed graph: generated_jazz_song_61.txt 
# Nodes: 39 Edges: 76
# FromNodeId	ToNodeId
105	35
105	125
105	133
105	198
125	88
125	113
113	135
135	198
135	207
198	84
198	105
198	170
84	3
84	14
84	55
84	57
84	105
84	163
84	164
84	198
84	233
233	89
89	133
133	84
133	125
133	150
133	163
133	170
133	198
133	207
163	133
57	35
57	105
35	80
35	107
35	108
35	133
35	187
35	197
197	35
107	35
170	3
170	31
170	133
170	215
215	191
191	31
31	80
31	135
31	187
31	191
187	84
3	133
14	131
131	142
142	35
108	133
108	237
237	225
225	45
225	188
188	57
80	31
80	142
164	133
88	35
207	87
207	225
45	140
140	185
185	170
87	35
55	69
69	154
154	133
150	35
