# Directed graph: generated_jazz_song_59.txt 
# Nodes: 43 Edges: 85
# FromNodeId	ToNodeId
105	35
105	89
105	133
105	178
35	133
133	80
133	170
133	194
133	198
133	207
198	84
198	87
198	89
198	102
198	105
198	142
198	200
200	102
102	99
102	178
178	89
178	99
178	142
142	3
142	31
3	133
3	187
207	105
89	57
89	140
89	174
89	191
191	45
191	142
191	221
221	105
99	154
99	188
154	28
28	15
15	84
15	133
84	3
84	87
84	108
84	121
84	133
84	233
87	140
87	198
233	89
57	89
57	170
174	84
170	3
170	163
187	84
31	0
31	13
31	15
31	133
31	142
31	149
31	178
31	191
149	31
140	31
140	224
45	80
45	168
80	142
13	112
112	237
237	198
188	57
163	133
0	2
2	133
224	45
168	34
34	131
131	142
194	198
121	133
108	198
