# Directed graph: generated_jazz_song_5.txt 
# Nodes: 44 Edges: 83
# FromNodeId	ToNodeId
105	35
105	110
105	172
105	198
35	108
35	111
35	112
35	133
35	187
108	135
135	198
135	207
207	84
207	105
84	3
84	55
84	105
84	142
84	172
84	198
84	206
172	14
172	61
14	129
14	131
14	133
129	142
142	3
142	29
142	35
142	79
142	154
29	142
154	133
133	80
133	118
133	194
133	198
133	207
194	198
198	84
198	87
198	133
198	172
198	233
55	67
55	87
67	174
174	186
174	188
188	84
188	102
102	230
230	5
5	111
111	35
111	133
80	150
150	31
31	170
170	89
89	168
89	174
186	84
79	142
112	207
110	198
206	205
205	207
3	133
3	135
87	35
87	105
87	145
87	188
145	87
118	87
233	89
168	3
131	53
53	133
61	55
187	87
