# Directed graph: generated_song_30.txt 
# Nodes: 48 Edges: 84
# FromNodeId	ToNodeId
105	121
105	233
121	133
133	198
133	205
205	25
205	84
205	105
205	133
84	3
84	35
84	176
84	178
84	193
84	198
176	84
198	35
198	75
198	84
198	129
198	200
3	108
3	133
200	102
102	179
179	72
72	69
69	154
154	28
154	142
28	135
135	207
207	84
207	178
108	115
108	198
108	205
108	233
233	89
89	90
89	191
89	230
230	5
5	133
35	3
35	89
35	108
35	133
129	57
129	142
57	34
57	154
34	45
34	57
142	3
142	31
142	35
142	129
31	33
31	80
31	169
31	170
169	31
33	34
45	140
140	123
123	213
213	174
174	187
187	84
193	84
178	142
80	142
80	150
150	35
191	80
191	135
115	108
25	232
232	198
75	31
170	163
163	133
90	191
