# Directed graph: generated_rock_song_81.txt 
# Nodes: 30 Edges: 68
# FromNodeId	ToNodeId
44	9
44	13
44	72
44	95
44	101
44	114
44	117
44	129
44	131
72	95
95	55
95	101
95	123
101	27
101	44
101	114
114	13
114	44
114	55
114	70
114	101
114	105
114	117
13	70
13	76
13	78
13	95
13	101
13	110
13	114
13	117
123	76
76	0
76	55
0	39
0	127
127	62
62	47
47	101
117	13
117	44
117	116
78	13
78	110
110	44
55	0
55	39
55	44
55	114
39	55
39	130
27	37
27	44
27	50
27	81
37	27
105	17
17	44
129	101
70	44
70	101
70	114
116	13
131	27
50	27
81	61
61	44
9	13
