# Directed graph: generated_jazz_song_22.txt 
# Nodes: 47 Edges: 87
# FromNodeId	ToNodeId
105	35
105	80
105	98
105	133
105	191
105	233
80	57
80	150
150	31
31	35
31	224
35	34
35	133
35	157
35	225
35	233
133	198
133	205
133	207
207	105
205	84
205	133
205	170
170	3
170	12
12	109
109	205
84	35
84	163
84	178
84	198
198	87
198	105
198	170
198	172
172	3
172	14
14	133
98	174
174	89
174	221
89	129
89	172
89	174
89	191
3	111
3	129
3	133
129	80
129	187
187	84
187	164
178	84
178	188
188	57
188	102
102	188
57	35
57	105
57	165
157	35
233	89
233	93
191	57
191	150
191	233
93	191
224	45
45	168
45	169
169	156
156	108
108	133
34	45
168	133
111	200
200	105
225	188
165	138
138	125
125	87
87	89
87	178
221	187
164	19
19	84
163	133
