# Directed graph: generated_jazz_song_40.txt 
# Nodes: 45 Edges: 90
# FromNodeId	ToNodeId
105	35
105	54
105	133
105	191
105	198
198	84
198	89
198	105
198	133
89	57
89	174
89	178
89	191
191	84
191	111
191	133
191	188
84	39
84	87
84	163
84	181
87	35
87	133
133	19
133	84
133	87
133	115
133	121
133	170
133	187
133	198
133	200
170	3
170	12
170	85
170	163
170	187
187	105
163	105
163	133
163	170
35	133
35	154
35	157
35	233
157	108
157	161
161	154
154	57
154	102
102	108
108	31
108	157
31	142
142	3
142	35
233	89
57	19
57	89
57	165
165	12
165	153
153	234
234	95
95	176
176	35
200	93
93	191
188	57
188	170
3	129
3	133
19	87
19	198
111	133
39	133
115	224
224	45
45	170
85	89
178	188
174	142
129	163
12	111
12	133
121	133
54	165
181	52
52	173
173	133
