# Directed graph: generated_song_89.txt 
# Nodes: 40 Edges: 83
# FromNodeId	ToNodeId
105	108
105	135
108	105
108	115
108	133
108	198
115	87
87	35
87	133
87	181
35	108
35	133
35	170
35	191
133	19
133	120
133	142
133	146
133	150
133	198
150	35
142	0
142	3
142	31
142	35
0	3
3	14
3	39
3	129
3	133
198	84
198	87
198	133
198	137
198	170
198	172
198	200
120	108
181	142
135	198
84	35
84	89
84	121
84	142
84	186
84	200
121	129
129	198
129	240
19	198
170	3
170	14
170	35
170	163
170	176
176	188
176	221
188	57
188	61
57	170
57	198
137	198
172	3
39	225
225	188
61	84
31	45
45	170
14	133
200	84
89	57
89	191
191	133
191	142
191	221
221	191
221	198
146	35
163	170
240	207
207	84
186	37
37	108
