# Directed graph: generated_jazz_song_11.txt 
# Nodes: 44 Edges: 82
# FromNodeId	ToNodeId
105	35
105	90
105	142
142	3
142	31
142	35
142	79
79	142
35	17
35	108
35	133
35	170
35	197
108	115
108	178
108	198
198	84
198	89
198	105
198	133
198	170
198	200
198	208
133	118
133	146
133	157
133	198
146	35
170	3
170	154
170	187
3	108
3	129
3	133
84	3
84	31
84	35
84	80
84	133
84	178
178	89
178	99
178	170
129	142
200	84
90	174
90	191
191	220
220	84
115	87
87	35
87	201
17	233
233	93
93	117
117	88
88	35
99	178
89	80
89	90
174	198
80	142
80	150
31	13
31	80
31	133
31	170
154	133
208	84
13	112
112	207
207	105
187	87
197	35
157	159
159	18
18	188
188	54
54	31
118	87
201	84
150	31
