# Directed graph: generated_jazz_song_64.txt 
# Nodes: 41 Edges: 79
# FromNodeId	ToNodeId
105	121
105	133
105	174
133	49
133	84
133	198
133	202
133	207
198	75
198	84
198	87
198	105
198	133
198	142
198	163
198	170
198	200
198	207
198	233
170	9
170	164
9	3
3	111
3	133
84	3
84	31
84	129
84	172
84	198
84	233
75	31
31	36
31	61
31	80
31	135
31	149
31	169
31	224
36	35
35	133
35	157
157	18
18	133
202	84
233	35
233	89
49	142
142	31
142	56
149	31
169	31
135	207
207	84
207	87
207	105
80	142
80	150
150	35
200	84
172	3
111	133
121	133
224	180
180	148
148	40
40	108
108	129
129	198
87	89
87	121
89	174
89	191
174	108
174	198
163	133
191	80
56	31
61	170
164	133
