# Directed graph: generated_song_32.txt 
# Nodes: 47 Edges: 86
# FromNodeId	ToNodeId
105	133
105	165
105	172
165	164
164	113
164	133
133	102
133	198
133	200
133	205
198	84
198	87
198	105
198	170
198	172
172	14
14	108
14	129
14	133
129	3
129	142
129	186
3	108
3	129
3	133
142	31
142	34
142	80
31	33
31	45
31	80
31	142
31	170
80	149
80	150
150	31
150	40
40	164
113	135
135	174
174	168
168	34
34	108
34	131
34	181
108	133
108	198
170	3
170	14
170	31
170	35
170	154
35	112
112	236
236	95
95	176
176	221
176	225
225	45
45	142
45	198
87	176
87	188
221	239
239	170
33	34
181	80
149	31
154	18
154	38
154	142
131	170
102	69
69	154
18	133
188	57
57	3
186	84
84	3
84	133
84	154
84	172
38	133
205	207
207	84
200	105
