# Directed graph: generated_song_21.txt 
# Nodes: 48 Edges: 84
# FromNodeId	ToNodeId
105	125
105	198
105	225
198	80
198	84
198	105
198	133
84	3
84	80
84	111
84	165
84	170
84	174
84	181
170	3
170	89
170	154
170	163
163	133
163	170
154	142
142	3
142	31
142	40
142	178
178	72
178	84
174	87
174	142
174	221
31	142
3	129
3	133
133	198
133	200
111	25
111	200
25	232
232	198
225	45
225	52
45	173
173	185
185	87
185	170
185	224
129	198
80	142
80	144
40	111
200	28
200	99
99	178
72	7
7	132
132	144
144	32
32	218
32	225
218	48
48	170
28	188
188	57
57	164
164	19
19	125
125	87
125	105
125	135
87	3
87	89
87	233
233	89
89	174
89	213
213	185
224	52
52	133
52	191
191	185
221	84
165	164
135	198
181	170
