# Directed graph: generated_jazz_song_96.txt 
# Nodes: 41 Edges: 82
# FromNodeId	ToNodeId
105	35
105	87
105	98
105	121
105	142
105	143
87	188
87	191
191	3
191	57
191	108
108	125
108	198
198	31
198	84
198	101
198	105
198	133
198	170
198	231
84	89
84	142
84	198
142	35
142	40
142	154
142	172
35	34
35	61
35	108
125	135
135	198
133	61
133	84
133	111
133	150
133	198
170	3
170	14
170	164
170	178
3	52
3	129
3	133
129	198
101	188
188	61
188	170
61	6
61	55
61	133
61	170
164	22
22	105
143	35
150	31
31	13
31	80
31	225
225	188
55	69
55	87
178	55
69	154
154	69
154	133
154	142
40	172
172	3
172	14
14	133
121	133
80	142
89	191
57	105
98	3
52	170
6	133
13	129
231	89
111	198
34	57
