# Directed graph: generated_jazz_song_82.txt 
# Nodes: 40 Edges: 79
# FromNodeId	ToNodeId
105	35
105	45
105	84
105	89
105	178
84	31
84	35
84	105
84	108
84	121
84	133
84	142
84	163
84	172
84	187
84	198
84	200
163	84
163	198
172	14
14	133
133	57
133	198
133	205
198	35
198	84
198	87
198	89
198	105
198	208
121	133
121	198
31	15
31	34
31	35
31	133
35	89
35	111
35	133
205	84
45	168
168	84
108	198
200	99
99	188
188	57
57	3
57	34
57	84
57	87
57	105
34	31
34	57
3	129
129	198
89	176
89	188
89	191
191	105
191	111
111	170
111	186
170	191
186	84
176	61
61	31
15	157
157	18
18	23
23	113
113	135
135	194
194	84
142	31
208	84
187	84
87	133
87	198
178	57
