# Directed graph: generated_jazz_song_92.txt 
# Nodes: 42 Edges: 87
# FromNodeId	ToNodeId
105	45
105	79
105	89
105	178
105	191
89	174
89	188
89	191
188	198
198	80
198	84
198	87
198	105
198	129
198	133
198	203
80	142
80	146
142	31
142	34
142	35
142	115
142	191
191	80
191	105
191	108
191	133
191	136
108	112
108	115
108	191
108	198
45	142
45	170
115	108
115	224
224	45
170	35
35	108
35	133
35	233
203	105
133	31
133	146
133	198
133	202
133	205
205	25
25	111
111	133
202	84
84	19
84	39
84	57
84	89
84	168
84	181
19	198
87	233
233	89
233	221
221	84
57	89
31	133
31	142
31	151
151	84
39	178
178	34
178	69
69	174
174	84
174	168
174	198
168	124
168	174
79	142
34	31
34	35
136	80
146	35
112	198
181	208
208	84
124	225
225	45
129	133
