# Directed graph: generated_song_87.txt 
# Nodes: 46 Edges: 89
# FromNodeId	ToNodeId
105	80
105	89
105	90
105	98
105	133
80	142
80	150
150	31
150	35
35	108
35	187
187	105
90	191
191	133
191	198
198	80
198	84
198	87
198	133
198	142
198	172
172	3
172	14
14	111
14	133
14	135
133	25
133	125
133	198
133	207
25	31
31	61
31	80
31	129
31	142
142	31
142	35
142	39
142	105
142	170
135	207
207	84
207	105
84	3
84	45
84	87
84	133
84	178
84	191
84	198
129	198
125	105
89	176
89	225
225	52
52	172
3	133
3	198
45	170
170	3
170	14
170	176
170	178
111	200
200	84
200	99
99	178
178	34
178	77
178	142
34	80
61	152
152	213
213	42
42	188
188	57
57	170
176	84
176	170
98	79
79	139
139	205
205	89
87	84
87	121
121	133
108	198
77	142
39	111
