# Directed graph: generated_song_80.txt 
# Nodes: 54 Edges: 87
# FromNodeId	ToNodeId
105	87
105	89
87	133
87	176
133	53
133	146
133	198
133	205
198	84
198	87
198	133
198	201
176	221
221	89
221	198
89	188
89	191
89	225
191	80
191	111
80	142
80	150
142	35
142	178
142	225
178	0
0	79
79	191
150	31
150	35
35	31
35	54
35	89
35	108
35	133
35	170
31	33
31	142
31	193
54	5
5	3
3	108
3	129
108	205
108	222
205	84
84	31
84	35
84	89
84	105
84	168
84	198
84	221
33	34
34	57
57	153
57	164
153	234
234	89
188	61
61	55
55	43
43	88
88	35
222	45
45	133
168	230
230	172
172	3
129	186
186	84
111	27
27	117
117	93
93	191
225	45
225	52
52	150
53	131
131	135
135	198
146	35
170	154
154	133
201	84
193	57
164	133
