# Directed graph: generated_song_88.txt 
# Nodes: 41 Edges: 79
# FromNodeId	ToNodeId
105	35
105	89
105	133
133	163
133	198
198	31
198	84
198	87
198	105
84	3
84	89
84	121
84	133
84	163
84	168
84	187
84	193
84	233
168	52
168	170
52	150
150	81
81	142
142	3
142	31
31	36
31	45
31	80
31	129
36	35
35	31
35	108
35	111
108	133
108	198
89	3
89	174
89	178
89	191
178	170
170	102
170	163
170	225
225	45
45	140
45	168
140	185
185	87
87	35
87	37
87	233
111	200
200	84
233	89
233	95
95	176
176	61
61	105
80	142
3	108
3	129
3	133
129	133
129	163
129	187
129	198
191	45
163	84
163	133
163	170
102	230
230	172
172	14
14	133
37	133
193	31
187	84
174	3
121	133
