# Directed graph: generated_song_51.txt 
# Nodes: 44 Edges: 81
# FromNodeId	ToNodeId
105	80
105	172
105	176
105	191
105	198
191	133
191	142
191	165
165	105
80	142
142	3
142	35
35	19
35	133
35	191
133	80
133	118
133	163
133	198
133	200
133	205
133	207
200	84
200	105
198	84
198	87
198	89
198	105
198	133
198	172
87	78
87	121
87	181
87	233
181	39
39	111
39	178
178	142
3	39
3	129
129	31
129	198
31	133
163	129
163	170
170	154
154	133
207	84
84	3
84	11
84	87
84	133
84	163
84	174
84	187
84	198
174	84
174	202
202	84
11	133
118	87
78	148
148	150
150	35
121	133
89	191
19	125
125	114
114	88
88	35
187	84
233	93
93	174
111	198
172	3
172	14
14	133
176	184
184	79
79	142
205	84
