# Directed graph: generated_song_2.txt 
# Nodes: 48 Edges: 84
# FromNodeId	ToNodeId
105	54
105	69
105	79
105	80
105	98
69	157
157	18
157	108
108	115
108	133
108	191
108	198
198	84
198	105
198	133
198	143
198	170
198	172
198	178
54	31
31	172
31	225
172	3
3	39
3	108
3	111
3	133
133	105
133	125
133	135
133	157
133	198
133	205
205	213
213	82
82	128
128	108
135	198
84	121
84	174
121	133
98	79
79	142
79	191
142	31
142	35
142	40
225	45
45	26
45	180
45	198
26	119
119	212
212	209
209	193
193	24
24	35
35	3
35	133
115	224
224	45
180	170
170	3
170	163
170	188
163	133
80	142
18	188
188	57
188	170
125	135
143	142
40	108
191	80
191	133
39	111
39	225
178	87
87	78
78	39
111	133
111	198
174	3
57	105
