# Directed graph: generated_rock_song_11.txt 
# Nodes: 32 Edges: 74
# FromNodeId	ToNodeId
44	5
44	17
44	27
44	39
44	52
44	55
44	70
44	101
44	114
114	13
114	17
114	27
114	44
114	101
114	138
13	35
13	44
13	70
13	78
13	101
13	108
13	114
70	3
70	13
70	44
70	72
70	101
70	105
55	13
55	96
55	114
138	102
102	44
27	50
27	70
27	101
50	5
50	34
5	27
5	81
5	108
81	5
81	27
81	33
81	64
105	13
101	13
101	44
101	47
101	50
101	70
101	114
35	4
4	101
52	76
76	55
76	127
96	49
49	13
127	55
78	13
72	44
3	70
47	101
34	81
33	121
121	39
39	0
39	44
17	44
64	5
108	44
108	114
0	13
