# Directed graph: generated_jazz_song_71.txt 
# Nodes: 39 Edges: 76
# FromNodeId	ToNodeId
105	35
105	79
105	191
105	225
105	233
35	31
35	54
35	61
35	108
35	133
108	198
198	25
198	75
198	84
198	87
198	105
198	133
198	137
198	142
198	170
233	89
89	45
89	174
89	176
89	191
176	84
84	35
84	89
133	80
133	105
133	198
137	198
142	3
142	31
142	35
142	56
142	170
142	174
170	31
170	35
170	191
31	133
31	142
31	149
31	169
31	170
191	72
191	80
191	84
80	142
3	133
174	84
174	221
45	142
149	35
79	142
87	56
87	57
56	31
169	31
225	52
52	170
61	165
165	138
138	125
125	106
106	87
57	152
152	35
221	105
72	69
69	154
154	142
54	3
25	233
75	31
