# Directed graph: generated_song_0.txt 
# Nodes: 42 Edges: 84
# FromNodeId	ToNodeId
105	35
105	133
105	149
105	191
105	233
133	120
133	125
133	198
133	202
133	205
133	207
120	198
198	84
198	89
198	105
198	133
198	137
198	172
198	208
149	31
31	80
31	142
31	170
170	3
170	35
170	89
3	84
3	133
3	135
3	187
3	197
3	198
197	25
25	35
35	34
35	133
35	181
172	3
172	14
135	198
34	31
34	70
70	147
147	34
142	3
142	31
80	150
150	35
181	52
181	170
208	84
84	3
84	133
84	174
84	181
84	187
174	198
174	224
89	174
89	176
89	233
224	35
224	52
207	105
207	170
191	185
185	170
205	170
137	115
115	224
52	168
168	3
168	34
202	87
87	142
187	105
187	207
233	89
176	84
176	133
125	133
14	129
129	163
163	133
