# Directed graph: generated_song_96.txt 
# Nodes: 43 Edges: 81
# FromNodeId	ToNodeId
105	35
105	233
35	107
35	133
35	225
107	0
0	107
0	142
142	3
142	31
142	34
142	35
142	80
142	191
31	142
31	193
31	224
224	45
224	173
45	140
45	142
140	122
122	224
34	133
34	225
225	52
225	144
144	39
39	133
133	84
133	118
133	125
133	146
133	170
133	198
133	205
198	84
198	105
198	170
170	3
170	34
170	154
170	162
154	133
154	142
3	52
3	108
52	150
52	168
150	31
150	34
80	142
80	150
125	88
88	35
84	5
84	57
84	142
84	230
168	31
168	174
193	84
191	80
118	87
87	233
233	89
89	129
89	225
129	31
129	133
173	170
57	170
162	133
108	35
108	133
230	89
146	35
205	84
5	108
174	221
221	198
