# Directed graph: generated_song_54.txt 
# Nodes: 48 Edges: 81
# FromNodeId	ToNodeId
105	87
105	164
105	178
105	233
178	84
178	99
178	142
99	178
142	0
142	31
142	35
142	40
31	34
31	61
31	80
31	142
31	168
31	170
61	133
61	153
153	28
28	133
133	170
133	198
133	207
170	3
170	5
170	154
154	108
108	133
108	178
207	84
207	105
84	19
84	31
84	133
84	152
84	181
84	193
181	80
181	208
80	142
80	150
40	2
2	142
35	108
35	133
87	35
87	102
208	84
233	89
89	191
191	188
191	221
188	61
198	84
198	87
198	170
152	198
102	178
0	107
107	178
150	31
34	172
172	3
3	129
3	133
129	174
174	84
193	24
24	31
5	108
168	52
52	143
143	191
221	239
239	105
164	22
22	205
205	84
19	133
