# Directed graph: generated_jazz_song_35.txt 
# Nodes: 38 Edges: 78
# FromNodeId	ToNodeId
105	35
105	172
105	191
191	57
191	80
191	111
191	172
172	3
172	14
3	105
3	133
133	5
133	84
133	87
133	115
133	187
133	194
133	198
133	205
198	84
198	87
198	105
198	133
198	233
84	35
84	108
84	133
84	163
84	168
84	174
84	176
84	181
84	186
84	191
186	84
174	187
174	221
221	191
80	150
150	35
35	79
35	108
35	112
35	133
35	191
87	89
87	181
181	84
181	170
163	133
79	98
98	3
112	207
207	84
57	58
57	170
170	163
170	174
187	84
176	188
188	57
188	84
58	3
205	25
25	35
108	115
108	133
108	198
115	108
168	84
168	133
194	198
89	225
225	188
14	133
111	35
233	172
5	3
