# Directed graph: generated_jazz_song_67.txt 
# Nodes: 47 Edges: 85
# FromNodeId	ToNodeId
105	35
105	133
105	176
105	191
176	61
176	187
61	12
61	35
61	165
35	61
35	89
35	112
35	133
35	137
35	170
165	152
152	102
102	230
230	5
5	111
5	133
133	25
133	35
133	105
133	115
133	121
133	198
198	31
198	84
198	87
198	89
198	105
198	133
198	172
198	185
198	208
208	84
84	5
84	14
84	163
84	191
163	133
172	5
172	61
111	162
162	133
87	121
121	133
185	170
170	89
170	154
89	174
89	176
89	191
187	105
191	35
191	80
80	142
80	150
142	31
142	35
31	35
31	80
31	142
150	31
150	35
174	84
14	133
137	198
25	233
233	95
95	192
192	74
74	226
226	52
52	172
12	133
115	108
108	198
112	237
237	45
45	170
154	28
28	130
130	198
