# Directed graph: generated_song_10.txt 
# Nodes: 42 Edges: 84
# FromNodeId	ToNodeId
105	35
105	164
105	191
105	225
35	89
35	108
35	133
35	191
35	225
191	61
191	172
191	221
172	3
172	61
61	55
61	133
61	153
153	130
130	205
205	84
84	3
84	61
84	154
84	170
154	133
154	142
142	31
142	154
31	33
31	142
31	170
31	172
3	108
3	133
3	198
198	84
198	88
198	89
198	105
88	35
89	174
89	178
89	191
89	225
178	89
55	64
64	57
57	34
34	31
34	35
108	133
108	198
133	84
133	146
133	198
133	207
146	35
174	133
174	187
187	164
187	170
164	19
19	125
19	133
125	135
135	198
221	187
170	3
170	35
170	163
170	174
207	105
225	52
225	80
225	188
52	173
52	181
181	170
173	170
188	54
54	31
33	34
163	133
80	142
