# Directed graph: generated_jazz_song_74.txt 
# Nodes: 44 Edges: 85
# FromNodeId	ToNodeId
105	35
35	108
35	137
35	157
35	233
108	113
108	115
108	133
108	188
108	191
108	194
108	198
108	233
108	234
234	89
89	80
89	178
89	188
89	191
178	108
198	80
198	84
198	133
198	201
84	3
84	35
84	133
84	163
3	14
3	108
3	133
113	115
115	108
133	80
133	170
133	198
133	205
133	207
207	87
207	105
233	89
188	57
188	133
188	170
170	3
170	12
170	124
170	163
170	176
163	133
163	170
163	198
80	142
80	150
80	170
150	34
150	40
34	181
181	142
142	35
142	174
191	165
191	176
191	188
176	84
176	89
201	84
40	2
2	35
157	133
124	224
224	45
45	170
12	111
111	200
200	37
37	108
194	84
137	198
87	89
174	84
14	108
165	153
153	108
205	170
