# Directed graph: generated_jazz_song_19.txt 
# Nodes: 48 Edges: 79
# FromNodeId	ToNodeId
105	35
105	51
105	233
233	89
233	93
93	191
191	45
191	80
191	133
80	149
80	150
149	31
31	36
31	224
36	35
35	31
35	108
35	133
35	233
133	5
133	115
133	142
133	163
133	198
133	205
133	207
198	84
198	89
198	105
198	201
84	11
84	35
84	121
84	181
84	200
84	233
108	133
108	198
108	237
89	168
89	174
89	188
89	191
168	84
121	133
207	87
87	108
237	25
237	35
237	52
45	237
52	142
142	35
181	143
143	12
12	133
163	133
5	111
111	133
150	172
172	14
14	133
224	45
25	233
174	89
188	57
57	35
201	84
11	133
115	105
51	61
61	55
55	69
69	154
154	133
205	170
170	3
3	133
200	93
