# Directed graph: generated_jazz_song_68.txt 
# Nodes: 48 Edges: 84
# FromNodeId	ToNodeId
105	116
105	133
105	191
105	233
133	5
133	61
133	84
133	198
133	205
61	14
61	133
84	3
84	133
84	172
84	174
84	181
3	5
3	133
3	197
3	198
197	35
35	84
35	108
35	133
108	198
198	31
198	75
198	84
198	89
198	105
198	133
191	3
191	186
191	188
191	221
191	233
233	89
233	91
89	90
89	140
89	191
90	191
5	108
5	133
116	170
170	3
170	9
172	3
205	207
205	233
186	198
91	176
176	61
14	129
129	198
174	84
174	198
31	36
31	142
31	224
224	173
173	141
173	164
141	237
237	35
75	31
142	31
36	35
181	52
52	168
168	133
207	170
9	28
28	188
188	57
57	89
57	152
221	198
140	185
185	223
223	183
183	173
164	19
19	233
