# Directed graph: generated_jazz_song_97.txt 
# Nodes: 42 Edges: 79
# FromNodeId	ToNodeId
105	35
105	80
105	121
121	133
133	16
133	61
133	84
133	198
133	205
133	207
198	84
198	89
198	105
198	106
198	133
198	170
170	3
170	9
170	14
170	35
35	3
35	19
35	34
35	108
35	133
35	137
35	225
108	133
108	198
108	215
108	233
233	93
93	191
191	3
191	80
80	142
80	150
150	31
150	35
31	36
31	45
36	35
215	191
3	19
3	129
3	133
16	133
106	35
19	135
19	198
89	174
174	188
188	57
188	102
57	3
129	84
84	31
84	35
84	133
84	168
45	170
14	133
142	35
34	31
34	35
34	70
225	188
102	80
205	84
205	170
168	34
70	147
147	34
135	207
207	84
61	152
152	35
137	198
9	28
