# Directed graph: generated_song_33.txt 
# Nodes: 42 Edges: 79
# FromNodeId	ToNodeId
105	35
105	102
105	143
105	233
102	178
178	34
178	84
178	99
34	45
34	225
225	52
225	181
52	133
52	170
133	3
133	163
133	198
133	207
198	84
198	105
198	143
143	3
3	108
3	129
3	133
3	198
129	133
163	133
163	170
170	34
170	35
170	187
45	180
180	148
148	35
35	108
35	133
108	115
108	133
108	237
84	89
84	165
84	178
84	186
84	198
84	225
84	233
165	167
167	188
188	57
188	84
233	89
89	142
89	174
89	188
89	191
89	233
142	3
207	87
87	181
87	233
181	52
181	87
57	152
57	153
152	35
115	105
186	37
186	84
99	178
37	172
172	3
237	225
174	221
221	84
187	198
191	188
153	154
154	133
