# Directed graph: generated_song_59.txt 
# Nodes: 45 Edges: 86
# FromNodeId	ToNodeId
105	133
105	191
105	198
191	133
191	170
191	221
133	168
133	187
133	198
133	207
198	35
198	84
198	87
198	105
198	133
198	142
198	170
198	207
35	108
35	112
35	133
35	187
35	233
84	31
84	35
84	89
84	135
84	154
84	163
135	198
207	84
207	105
163	170
170	3
170	5
170	31
170	35
170	89
31	52
31	61
31	168
61	6
6	133
168	3
168	52
3	108
3	133
108	133
108	237
237	45
45	142
142	31
142	35
52	150
52	172
150	34
150	35
34	181
181	35
181	170
89	102
89	174
89	191
102	178
178	72
72	7
7	132
132	144
144	39
39	225
225	52
172	14
14	108
233	89
5	133
87	121
87	181
112	84
154	19
19	133
187	105
187	198
221	84
174	87
121	129
129	198
