# Directed graph: generated_rock_song_32.txt 
# Nodes: 31 Edges: 71
# FromNodeId	ToNodeId
44	13
44	27
44	55
44	95
44	101
44	111
44	112
44	114
44	117
114	0
114	13
114	17
114	44
114	46
114	101
55	13
13	70
13	76
13	95
13	101
13	110
13	114
101	13
101	27
101	44
101	49
101	70
101	81
101	108
101	117
110	44
70	13
70	27
70	95
70	131
27	36
27	70
27	81
27	101
81	27
81	44
36	27
76	13
76	24
76	101
95	13
95	44
95	101
117	3
117	50
3	70
131	101
49	20
20	105
105	13
105	57
50	81
50	108
108	33
108	50
0	76
0	127
24	0
127	76
112	44
17	44
111	114
46	105
57	114
33	89
89	121
