# Directed graph: generated_jazz_song_21.txt 
# Nodes: 39 Edges: 83
# FromNodeId	ToNodeId
105	35
105	87
105	133
105	170
35	69
35	133
35	154
35	233
133	20
133	84
133	170
133	188
133	198
133	205
133	233
198	31
198	84
198	87
198	89
198	105
198	108
198	233
84	35
84	45
84	105
84	108
84	168
84	174
174	19
174	84
19	133
87	133
108	170
108	191
108	198
191	133
191	172
191	176
191	185
172	3
3	108
3	133
233	86
233	89
86	191
185	191
185	224
188	57
188	170
170	3
170	13
170	35
170	80
89	129
89	188
89	191
89	233
57	3
57	152
57	165
57	198
152	102
102	188
69	154
154	102
154	133
129	31
31	131
31	166
31	191
176	57
165	105
13	112
112	84
205	198
80	150
150	35
20	198
131	31
166	174
168	84
45	140
140	185
