# Directed graph: generated_song_53.txt 
# Nodes: 49 Edges: 83
# FromNodeId	ToNodeId
105	35
105	142
105	233
142	30
142	31
142	35
142	129
142	154
35	19
35	225
35	233
233	89
233	93
233	95
95	191
95	192
192	130
130	205
205	170
170	3
170	154
170	164
154	19
154	57
57	105
57	230
93	117
117	87
87	178
178	142
30	133
133	80
133	198
198	84
198	163
198	170
198	213
198	231
84	57
84	133
84	168
84	205
168	133
168	198
163	170
164	19
164	22
22	133
213	191
191	80
191	233
89	92
89	174
92	176
176	89
174	142
174	198
174	224
224	45
45	169
169	156
156	108
108	137
108	193
193	84
3	108
3	133
137	198
80	142
80	150
150	35
19	125
19	135
19	198
125	105
135	207
207	84
31	80
225	52
52	168
231	89
230	89
129	198
