# Directed graph: generated_song_26.txt 
# Nodes: 42 Edges: 83
# FromNodeId	ToNodeId
105	35
105	87
105	89
105	133
105	191
105	213
105	225
87	3
87	35
87	191
191	80
191	108
191	111
191	164
191	185
111	200
200	105
133	105
133	163
133	198
133	205
133	207
198	84
198	87
198	105
198	170
170	3
170	102
170	163
170	225
3	108
3	133
3	186
84	3
84	31
84	35
84	89
84	105
84	133
84	142
84	153
35	45
35	80
35	133
186	84
108	133
108	198
225	45
225	80
45	170
45	188
188	57
57	170
163	133
163	198
207	84
142	170
205	84
89	191
164	19
19	133
185	191
80	146
80	150
80	170
102	189
189	198
31	13
31	33
31	108
33	34
34	31
146	36
36	35
150	34
13	14
14	112
112	84
153	90
90	174
174	187
187	105
213	191
