# Directed graph: generated_jazz_song_7.txt 
# Nodes: 38 Edges: 71
# FromNodeId	ToNodeId
105	35
105	84
105	172
35	45
35	133
35	225
35	233
133	146
133	150
133	170
133	194
133	198
133	207
170	3
170	5
170	31
5	3
3	108
3	133
3	230
194	84
84	31
84	39
84	133
84	142
84	163
84	172
163	198
198	84
198	89
198	200
89	174
89	188
89	191
191	170
230	5
31	80
31	133
31	142
80	142
80	150
142	31
142	35
233	89
174	142
174	187
187	207
207	15
207	87
15	157
157	35
45	80
150	31
150	35
150	57
225	52
52	172
172	3
172	14
14	133
146	35
188	57
57	105
57	152
152	102
102	178
178	170
200	105
39	133
108	133
87	233
