# Directed graph: generated_rock_song_31.txt 
# Nodes: 27 Edges: 70
# FromNodeId	ToNodeId
44	13
44	27
44	55
44	70
44	76
44	81
44	95
44	101
44	103
44	114
27	13
27	101
13	44
13	72
13	76
13	101
13	114
101	27
101	44
101	50
101	112
101	114
101	117
70	13
70	114
70	117
114	0
114	13
114	44
114	46
114	55
114	101
114	105
46	105
105	13
105	44
55	0
55	44
55	76
55	114
55	127
76	13
76	24
76	127
0	55
0	61
0	114
0	127
24	38
24	61
38	117
117	44
117	55
95	44
103	44
81	27
81	131
127	55
127	76
50	5
5	108
108	131
131	44
131	101
112	44
72	44
61	11
61	81
11	88
88	24
