# Directed graph: generated_jazz_song_79.txt 
# Nodes: 40 Edges: 79
# FromNodeId	ToNodeId
105	133
105	170
105	191
170	3
170	191
191	45
191	168
191	198
191	221
45	79
45	168
168	35
168	133
168	230
133	79
133	116
133	198
133	205
133	207
133	233
233	86
233	89
89	45
89	176
89	191
198	84
198	87
198	105
198	200
79	98
79	142
98	3
3	108
3	111
3	133
84	31
84	35
84	39
84	148
84	163
84	168
84	233
35	31
35	133
35	233
207	84
207	178
178	77
77	142
142	31
142	35
39	133
148	61
61	84
176	187
176	221
221	84
221	198
31	79
31	133
31	142
116	105
163	110
163	170
108	198
110	133
200	93
93	91
91	176
187	84
111	133
87	35
87	181
181	87
205	207
86	191
230	172
172	5
5	111
