# Directed graph: generated_song_91.txt 
# Nodes: 39 Edges: 79
# FromNodeId	ToNodeId
105	35
105	84
105	133
133	146
133	163
133	170
133	198
133	205
133	207
170	3
170	5
170	35
170	154
170	163
163	105
163	133
163	170
198	75
198	84
198	105
198	137
198	168
198	172
84	5
84	31
84	35
84	96
84	133
84	163
84	170
84	172
84	186
31	142
31	225
142	154
154	15
154	133
15	84
5	111
5	133
146	36
36	35
35	108
35	133
35	225
205	123
123	224
224	45
45	88
45	170
3	133
207	84
207	105
172	3
172	14
14	84
14	108
14	135
108	137
108	198
137	73
137	198
135	198
135	200
200	84
186	84
168	84
75	31
225	45
225	188
88	35
188	57
57	165
165	198
96	191
191	135
73	13
13	14
111	207
