# Directed graph: generated_song_31.txt 
# Nodes: 51 Edges: 85
# FromNodeId	ToNodeId
105	79
105	87
105	89
105	142
105	191
142	3
142	154
142	191
154	9
9	3
3	129
3	133
129	134
134	133
133	84
133	198
133	200
133	207
198	35
198	84
198	88
198	105
198	111
198	133
198	135
198	231
89	176
89	213
176	84
84	3
84	108
84	120
84	133
84	168
84	198
120	108
108	115
108	198
135	207
207	105
207	225
225	86
86	174
174	84
87	133
87	142
191	172
191	188
172	14
14	133
111	205
205	84
205	87
168	34
168	133
34	181
181	80
181	143
80	150
150	35
35	19
35	34
35	89
19	198
200	84
115	224
224	45
45	173
173	133
231	93
93	191
188	57
188	61
57	105
57	178
61	84
88	35
143	31
31	193
193	57
178	142
79	139
139	205
213	42
42	188
