# Directed graph: generated_rock_song_37.txt 
# Nodes: 29 Edges: 68
# FromNodeId	ToNodeId
44	13
44	52
44	55
44	101
44	114
44	138
114	13
114	44
114	70
114	101
101	13
101	44
101	70
101	76
101	114
13	55
13	76
13	95
13	101
13	110
13	114
76	0
76	13
76	24
76	127
0	44
0	55
0	61
0	67
0	95
0	101
0	114
0	127
67	24
67	26
67	76
26	96
96	44
55	0
55	13
55	101
138	102
102	17
17	58
58	105
105	13
24	0
24	67
95	0
95	3
95	72
127	0
127	62
127	67
72	95
3	55
70	44
70	101
52	76
62	127
61	5
61	121
121	33
121	88
33	61
88	61
5	76
110	44
