# Directed graph: generated_rock_song_16.txt 
# Nodes: 27 Edges: 66
# FromNodeId	ToNodeId
44	13
44	17
44	47
44	55
44	86
44	101
44	114
47	101
101	13
101	44
101	50
101	55
101	108
101	114
50	5
50	27
50	81
5	27
5	81
5	108
5	114
108	33
108	44
17	138
138	114
114	13
114	44
114	45
114	55
114	95
114	101
13	44
13	55
13	70
13	95
13	101
13	114
95	44
95	110
110	44
86	117
117	116
116	13
55	0
55	13
55	101
0	61
61	5
61	121
27	44
27	50
27	81
81	27
81	33
81	91
81	109
33	81
33	101
33	121
45	81
91	5
70	44
121	5
121	88
88	61
109	50
