# Directed graph: generated_rock_song_45.txt 
# Nodes: 28 Edges: 62
# FromNodeId	ToNodeId
44	0
44	13
44	17
44	27
44	70
44	101
44	114
44	131
101	0
101	44
101	47
101	70
101	76
101	114
101	117
76	0
76	13
76	101
0	24
0	76
0	127
127	26
127	55
127	62
26	95
95	13
95	101
13	27
13	70
13	101
13	110
13	114
27	13
27	81
27	101
70	27
70	44
70	131
114	13
114	44
114	46
114	101
81	101
131	101
131	110
110	44
110	103
103	13
117	44
17	138
138	114
24	67
24	76
67	11
11	88
88	24
62	127
55	95
47	101
46	105
105	108
108	44
