# Directed graph: generated_song_76.txt 
# Nodes: 49 Edges: 84
# FromNodeId	ToNodeId
105	121
105	164
121	129
121	133
133	31
133	61
133	84
133	168
133	188
133	198
168	31
168	34
34	172
172	14
14	108
14	131
14	133
198	84
198	87
198	105
198	137
198	208
84	3
84	14
84	35
84	39
84	121
84	133
84	172
31	36
31	84
36	35
35	19
35	80
35	108
108	198
108	205
108	234
205	174
174	198
87	35
80	149
149	35
19	133
19	198
129	220
220	170
170	3
170	215
215	45
45	168
45	173
234	135
135	206
135	207
206	94
94	158
158	191
191	111
191	170
3	108
3	133
188	57
188	61
57	165
165	12
165	37
37	108
208	84
137	198
131	135
207	15
15	133
164	19
164	115
115	224
224	45
173	164
39	133
61	133
61	165
12	107
107	191
111	164
