# Directed graph: generated_jazz_song_46.txt 
# Nodes: 44 Edges: 77
# FromNodeId	ToNodeId
105	89
105	191
191	84
191	168
191	221
168	84
168	133
84	35
84	55
84	89
84	133
84	174
84	205
133	87
133	198
133	205
198	22
198	84
198	87
198	89
198	133
198	225
87	35
87	52
87	84
87	133
35	34
35	108
35	133
35	137
35	170
205	84
205	89
225	45
225	52
45	169
169	124
124	225
52	168
170	10
170	80
80	150
150	35
34	57
34	233
233	191
221	231
231	93
93	191
137	198
108	112
108	133
89	3
89	108
89	129
89	178
89	186
129	198
112	207
207	170
10	111
111	133
22	205
186	84
174	168
55	69
69	155
155	79
79	142
142	31
142	154
154	133
178	77
77	142
31	34
57	105
3	133
