# Directed graph: generated_song_24.txt 
# Nodes: 45 Edges: 81
# FromNodeId	ToNodeId
105	35
105	84
105	133
105	135
105	191
105	233
233	89
89	45
89	174
89	191
174	108
174	186
108	115
108	133
108	198
108	233
198	84
198	87
198	105
198	200
87	110
110	133
133	84
133	194
133	198
133	205
133	207
84	0
84	3
84	11
84	80
84	105
84	142
84	168
84	172
84	174
84	187
84	206
84	225
11	133
225	80
80	142
80	150
142	3
3	108
3	133
205	123
123	213
213	185
185	170
170	3
191	108
191	221
45	168
45	180
168	84
168	133
172	14
172	234
234	89
0	2
2	35
35	108
35	224
150	35
200	84
206	94
94	158
158	191
221	105
224	45
180	148
148	40
40	172
14	84
207	84
187	84
115	108
135	198
186	84
194	198
