# Directed graph: generated_jazz_song_57.txt 
# Nodes: 32 Edges: 69
# FromNodeId	ToNodeId
105	35
105	45
105	87
105	89
105	133
105	170
89	191
191	170
191	187
170	3
170	35
35	108
35	111
35	133
35	135
108	133
133	12
133	84
133	170
133	198
133	205
133	207
3	129
3	186
186	84
186	198
198	84
198	87
198	105
198	129
198	170
84	3
84	35
84	96
84	105
84	111
84	121
84	133
84	164
84	176
84	186
84	198
207	105
135	198
129	84
129	198
121	198
96	191
187	105
87	110
87	133
87	140
140	122
122	224
224	45
45	140
45	168
168	14
168	84
164	19
19	198
111	133
111	233
205	84
12	133
14	133
110	198
176	84
233	89
