# Directed graph: generated_song_13.txt 
# Nodes: 38 Edges: 78
# FromNodeId	ToNodeId
105	35
105	57
105	79
105	174
105	225
35	3
35	108
35	111
35	133
35	225
108	133
108	193
108	198
198	84
198	89
198	105
198	170
133	57
133	84
133	108
133	168
133	170
133	198
133	202
202	84
84	3
84	94
84	108
84	142
84	174
84	176
84	198
174	84
174	186
174	220
220	170
170	31
170	154
170	188
154	28
28	133
57	3
57	105
3	108
3	133
3	187
168	3
187	84
94	188
188	61
61	6
61	133
79	98
79	142
98	79
98	174
142	0
142	35
225	52
52	133
52	142
111	162
162	89
89	45
89	191
191	142
193	31
31	45
31	133
45	79
45	142
0	107
107	35
186	105
6	8
8	22
22	84
176	198
