# Directed graph: generated_song_65.txt 
# Nodes: 55 Edges: 90
# FromNodeId	ToNodeId
105	35
105	98
105	191
191	80
191	133
133	115
133	123
133	198
133	205
133	207
198	84
198	170
84	0
84	35
84	163
84	174
0	209
209	193
193	84
35	3
35	19
35	84
35	102
35	112
35	133
35	225
35	233
225	79
79	142
142	31
142	35
142	40
102	178
178	89
178	142
89	174
89	191
89	192
80	57
80	142
80	146
80	150
150	34
34	57
57	105
57	165
165	102
31	80
31	143
31	236
236	89
192	130
130	205
205	35
205	105
112	233
233	89
174	84
174	111
111	133
3	52
3	129
52	168
168	14
14	133
207	104
207	105
104	80
98	3
129	133
170	31
143	31
40	164
164	19
19	125
19	135
135	207
123	213
213	191
146	35
115	105
115	108
108	237
237	45
45	26
26	115
125	114
114	88
88	35
163	133
