# Directed graph: generated_song_19.txt 
# Nodes: 40 Edges: 82
# FromNodeId	ToNodeId
105	89
105	143
105	163
163	133
163	170
170	31
170	35
170	163
170	174
170	178
35	19
35	61
35	89
35	108
35	111
35	133
35	137
35	225
89	90
89	178
89	188
89	191
188	61
188	170
225	45
45	80
45	170
80	31
80	150
150	31
31	35
31	36
31	168
168	84
84	3
84	111
84	142
84	163
84	174
84	198
3	133
3	170
133	35
133	170
133	198
133	207
198	84
198	87
198	89
198	194
194	84
174	3
174	224
178	84
178	102
178	142
142	3
142	35
108	19
19	133
207	84
207	105
90	178
102	188
61	153
153	28
153	130
28	15
15	84
87	89
191	80
191	221
221	191
36	35
111	25
111	133
137	198
25	35
143	35
130	205
205	170
224	45
