# Directed graph: generated_jazz_song_39.txt 
# Nodes: 42 Edges: 77
# FromNodeId	ToNodeId
105	35
105	89
105	108
105	133
105	198
133	84
133	116
133	129
133	198
133	205
198	84
198	105
198	142
198	200
84	35
84	89
84	121
84	142
84	174
84	198
174	186
186	84
186	198
121	198
200	84
89	187
89	225
187	170
170	3
170	14
170	35
35	108
35	112
35	133
35	154
35	225
129	163
163	198
225	48
225	52
52	142
142	3
142	31
142	172
31	80
31	168
80	142
172	3
3	107
3	133
3	186
112	125
125	94
94	188
188	57
57	230
230	5
230	172
5	133
116	170
14	133
205	105
205	170
108	115
108	230
115	103
103	182
182	69
69	154
154	19
154	133
19	133
107	0
0	107
0	142
48	170
168	133
