# Directed graph: generated_jazz_song_77.txt 
# Nodes: 44 Edges: 79
# FromNodeId	ToNodeId
105	3
105	115
105	121
105	142
105	149
105	213
115	224
224	45
45	168
168	133
133	188
133	198
133	207
207	84
207	105
207	133
213	174
174	186
174	191
186	57
186	84
84	31
84	55
84	89
84	108
84	133
84	154
84	181
84	186
89	174
89	176
89	178
178	84
154	133
154	142
191	176
176	84
176	221
31	36
31	61
31	80
31	133
36	35
35	133
35	181
198	84
198	87
198	105
198	135
135	207
55	64
64	57
57	34
57	89
57	152
152	102
102	179
179	72
72	80
80	150
150	31
61	170
170	35
181	133
87	133
3	108
3	133
121	133
142	3
142	154
108	112
108	198
108	233
112	207
149	31
188	57
34	108
233	89
221	84
