# Directed graph: generated_jazz_song_53.txt 
# Nodes: 45 Edges: 83
# FromNodeId	ToNodeId
105	35
105	110
105	191
105	225
225	45
45	168
45	170
168	84
84	87
84	89
84	133
84	163
84	165
89	140
89	172
89	174
172	3
3	52
3	108
3	133
52	80
80	150
150	3
150	31
150	35
133	125
133	142
133	198
125	135
135	80
135	207
35	19
35	108
35	111
35	133
111	186
186	84
198	84
198	105
198	133
198	170
198	225
191	165
191	178
178	108
108	112
108	128
108	133
108	193
193	24
24	35
19	112
112	84
112	207
207	84
207	104
170	3
170	89
170	163
170	188
140	3
142	31
142	35
31	121
31	142
174	221
221	105
163	84
163	170
165	133
165	138
138	125
104	80
121	133
188	170
128	123
123	213
123	224
213	82
82	128
224	191
87	198
110	133
