# Directed graph: generated_song_61.txt 
# Nodes: 39 Edges: 81
# FromNodeId	ToNodeId
105	54
105	142
105	170
105	176
170	3
170	35
170	154
170	164
35	19
35	31
35	108
35	111
35	133
35	137
137	198
198	84
198	87
198	105
198	142
198	170
142	3
142	35
142	40
133	198
133	205
54	5
5	3
3	108
3	133
3	187
3	211
84	3
84	35
84	89
84	111
84	133
84	148
87	57
87	108
87	176
87	188
108	35
108	188
108	193
108	198
193	24
24	35
111	198
111	200
188	57
188	135
188	198
148	150
150	35
176	84
176	170
176	184
184	79
79	35
79	142
31	35
205	84
89	174
89	176
174	188
57	34
57	105
57	170
187	87
34	57
135	116
135	198
116	170
164	133
154	19
19	125
125	105
125	135
40	79
211	175
175	142
