# Directed graph: generated_song_57.txt 
# Nodes: 44 Edges: 79
# FromNodeId	ToNodeId
105	35
105	54
105	102
105	225
225	45
45	170
45	173
173	170
170	3
170	35
170	154
170	164
3	129
3	133
3	230
133	25
133	198
133	205
25	35
35	133
35	170
35	200
200	22
200	105
22	205
22	235
235	216
216	191
191	198
198	84
198	87
198	105
198	133
198	170
198	172
84	5
84	19
84	35
84	39
84	79
84	105
84	142
84	154
84	163
84	174
154	133
39	111
111	200
111	233
102	189
189	198
172	14
14	84
14	133
164	22
205	84
87	181
181	52
52	170
230	172
142	3
142	31
31	80
31	133
31	174
80	142
79	142
5	111
233	89
89	176
176	84
19	84
163	133
174	221
221	188
221	198
129	198
54	31
188	170
