# Directed graph: generated_song_39.txt 
# Nodes: 37 Edges: 74
# FromNodeId	ToNodeId
105	115
105	172
105	224
105	225
105	233
225	45
225	47
47	45
45	80
45	170
45	173
45	198
198	84
198	105
198	170
198	233
233	89
89	191
191	37
191	45
191	108
191	198
108	115
108	193
108	198
108	233
115	89
115	108
84	3
84	57
84	133
84	178
84	186
178	72
178	84
72	80
80	142
80	150
150	31
150	34
150	57
57	34
57	105
37	178
3	108
3	133
193	24
24	31
31	129
31	133
31	170
129	142
142	3
142	31
142	80
170	3
170	14
170	31
170	108
14	133
133	142
133	198
172	61
61	55
55	43
43	88
88	35
35	133
186	198
224	45
34	3
34	80
173	141
141	133
