# Directed graph: generated_song_23.txt 
# Nodes: 46 Edges: 82
# FromNodeId	ToNodeId
105	79
105	89
105	191
79	139
139	133
133	116
133	120
133	198
133	205
198	75
198	84
198	87
198	133
198	142
198	170
198	191
142	35
142	174
35	108
35	133
108	111
108	133
108	198
108	205
205	121
205	123
123	213
213	42
213	198
42	188
188	57
188	170
170	3
170	31
170	35
31	129
31	187
129	3
129	186
3	108
3	129
3	187
186	105
89	191
191	35
191	80
191	133
80	142
174	187
187	84
187	169
187	170
84	3
84	19
84	105
84	108
84	198
75	31
169	124
124	225
225	181
181	157
157	18
18	188
57	165
165	153
153	154
154	28
154	133
154	142
28	154
19	133
19	154
87	164
164	19
111	27
27	117
117	84
121	133
116	233
233	213
120	108
