# Directed graph: generated_song_68.txt 
# Nodes: 43 Edges: 86
# FromNodeId	ToNodeId
105	35
105	133
105	233
133	3
133	21
133	61
133	84
133	163
133	198
133	207
207	87
87	84
87	133
87	181
84	3
84	108
84	133
84	168
84	178
84	191
84	193
178	84
178	87
178	142
198	31
198	84
198	87
198	135
198	170
198	204
135	200
200	99
99	178
108	133
191	31
191	57
191	80
31	35
31	80
31	142
31	143
31	169
31	178
169	31
142	31
142	35
142	129
142	150
150	31
150	81
81	142
80	142
80	150
129	80
129	186
186	84
3	129
3	133
3	187
187	84
163	198
168	133
143	191
35	3
35	19
35	108
35	191
61	133
170	3
170	35
19	112
112	198
204	105
57	105
57	152
152	102
102	188
188	57
233	89
89	174
174	84
193	237
237	52
52	170
21	198
181	84
