# Directed graph: generated_rock_song_44.txt 
# Nodes: 23 Edges: 64
# FromNodeId	ToNodeId
44	5
44	13
44	57
44	70
44	81
44	101
44	103
44	105
44	114
44	117
114	13
114	27
114	44
114	55
114	71
114	95
114	101
101	5
101	13
101	44
101	70
101	95
101	114
70	44
70	95
70	101
70	114
13	44
13	57
13	78
13	95
13	101
13	114
57	101
57	114
57	117
117	44
117	101
81	27
81	33
81	109
27	44
27	101
105	17
17	114
55	13
55	44
55	114
103	13
95	13
95	101
78	13
71	13
5	33
5	81
5	121
33	81
33	121
121	33
121	61
109	50
50	108
108	44
61	5
