# Directed graph: generated_jazz_song_55.txt 
# Nodes: 48 Edges: 86
# FromNodeId	ToNodeId
105	84
105	87
105	111
105	133
105	191
111	186
186	84
84	13
84	19
84	133
84	154
84	168
84	170
84	174
84	198
84	233
13	14
14	135
135	116
135	207
207	84
207	105
207	124
133	57
133	80
133	84
133	163
133	198
133	207
87	162
162	133
198	84
198	89
198	105
198	133
198	143
154	133
143	35
35	61
35	108
35	111
35	233
168	52
168	133
52	168
89	174
89	178
89	191
178	200
200	105
233	89
191	80
191	221
80	150
150	31
150	35
61	84
170	35
170	133
174	35
174	188
174	224
188	57
188	135
224	45
45	26
45	173
26	123
123	98
98	174
108	198
57	3
57	152
3	133
31	121
121	133
124	224
173	185
185	170
163	133
19	135
116	105
221	188
152	102
102	181
181	87
