# Directed graph: generated_jazz_song_69.txt 
# Nodes: 52 Edges: 89
# FromNodeId	ToNodeId
105	35
105	89
105	172
105	233
89	174
89	176
89	186
89	225
176	89
176	184
184	79
79	142
142	31
142	35
142	56
142	172
172	14
14	19
14	133
19	133
19	135
135	198
198	84
198	87
198	105
198	133
198	170
198	188
198	207
133	12
133	84
133	170
133	198
133	200
170	3
170	154
170	178
178	84
178	108
108	19
108	31
108	133
233	97
97	84
84	31
84	108
84	140
84	142
84	168
84	198
207	105
35	89
35	108
35	133
174	221
221	84
140	123
123	213
213	191
191	146
191	176
225	52
52	142
31	61
31	133
31	170
61	55
61	133
55	43
43	88
88	35
154	142
56	44
44	88
188	57
57	105
200	93
93	191
146	78
78	148
148	61
87	102
102	178
12	28
28	125
125	133
3	108
186	84
168	34
