# Directed graph: generated_song_85.txt 
# Nodes: 53 Edges: 85
# FromNodeId	ToNodeId
105	35
105	121
105	163
105	225
105	233
163	129
129	135
129	198
198	84
198	105
198	133
198	172
84	87
84	133
84	172
84	176
172	3
3	108
3	129
3	133
108	135
108	198
108	233
133	198
176	57
176	61
57	170
57	230
170	31
31	80
31	142
31	174
142	0
142	3
142	31
80	150
150	34
150	35
35	108
35	143
35	191
191	45
191	80
191	150
135	198
135	200
200	22
22	235
235	216
216	191
45	26
45	140
45	173
140	45
173	141
141	231
231	89
89	178
89	191
89	224
178	198
225	45
26	229
229	198
143	3
233	89
233	95
95	176
61	55
55	64
64	57
230	5
5	12
12	107
107	0
0	29
0	79
29	142
79	142
174	168
168	84
87	89
224	52
52	142
121	133
