# Directed graph: generated_jazz_song_76.txt 
# Nodes: 45 Edges: 81
# FromNodeId	ToNodeId
105	35
105	54
105	133
105	191
35	133
35	170
35	187
35	225
225	52
225	188
188	170
170	31
170	35
170	133
170	215
133	35
133	135
133	198
198	84
198	87
198	89
198	101
198	105
198	111
198	133
198	137
198	170
198	201
201	105
137	198
54	5
5	133
101	37
37	108
108	135
108	194
135	116
135	207
207	87
87	35
87	84
87	133
187	84
84	11
84	35
84	121
84	142
84	163
84	198
116	233
233	89
89	174
89	181
89	225
181	208
208	84
142	31
31	172
31	178
31	187
11	133
174	93
93	191
191	198
191	220
220	170
178	198
121	133
52	168
168	31
172	3
3	133
163	129
163	198
129	198
111	35
215	45
45	26
26	115
115	108
194	198
