# Directed graph: generated_jazz_song_24.txt 
# Nodes: 44 Edges: 81
# FromNodeId	ToNodeId
105	3
105	35
105	142
105	143
105	225
105	233
143	35
35	19
35	26
35	108
26	229
229	198
198	84
198	87
198	105
198	129
198	133
198	170
198	172
198	201
198	204
198	228
84	31
84	35
84	45
84	89
84	133
84	163
84	168
84	198
84	221
108	133
108	198
133	198
133	207
129	187
187	84
221	239
239	105
3	108
3	111
3	133
225	45
45	108
45	170
170	3
170	133
170	154
207	84
207	105
89	176
89	191
191	80
80	142
142	31
142	34
34	57
57	165
165	105
233	89
176	198
172	3
201	84
168	84
31	61
31	108
31	170
154	15
15	133
87	178
178	77
77	142
61	170
111	133
111	205
205	84
228	198
204	106
106	35
19	84
163	198
