# Directed graph: generated_song_1.txt 
# Nodes: 44 Edges: 81
# FromNodeId	ToNodeId
105	35
105	79
105	142
105	178
105	225
142	35
35	108
35	133
133	102
133	170
133	198
133	207
170	3
170	10
170	14
170	35
10	135
135	200
200	99
99	178
178	72
178	84
178	89
84	3
84	14
84	105
84	108
84	163
84	170
84	174
84	191
84	198
191	45
191	170
191	178
191	186
72	69
69	174
174	84
174	93
93	191
186	37
37	108
108	125
108	133
108	137
108	194
102	37
198	25
198	84
198	105
198	133
198	137
198	170
198	233
14	84
14	133
233	89
89	191
45	170
45	173
3	39
3	197
197	108
194	84
225	45
173	164
164	19
19	198
137	198
39	111
111	133
79	35
125	105
207	87
87	168
168	84
25	31
31	131
131	14
163	170
