# Directed graph: generated_song_9.txt 
# Nodes: 46 Edges: 81
# FromNodeId	ToNodeId
105	133
105	170
105	191
191	176
176	57
57	170
170	3
170	35
35	69
35	133
133	84
133	194
133	198
133	200
133	205
133	207
200	105
194	198
198	84
198	89
198	105
198	170
198	207
198	229
205	84
84	3
84	111
84	133
84	142
84	163
84	170
84	174
84	178
84	186
84	198
84	201
201	84
178	142
142	31
142	34
142	129
142	233
233	89
89	80
89	225
80	142
31	80
31	121
121	133
229	198
69	155
155	79
79	63
63	35
207	84
186	84
186	115
115	108
108	133
3	107
3	108
3	133
3	186
107	0
0	142
34	181
181	39
39	133
111	55
55	43
55	67
43	87
87	55
67	174
174	84
174	202
129	84
163	133
202	84
225	48
48	170
