# Directed graph: generated_jazz_song_54.txt 
# Nodes: 51 Edges: 83
# FromNodeId	ToNodeId
105	35
105	102
105	170
105	178
35	80
35	133
35	187
187	84
187	105
102	230
230	72
72	69
69	154
154	15
154	57
57	3
3	133
3	224
133	87
133	198
198	84
198	89
198	105
198	207
198	229
89	45
89	191
45	79
79	142
79	191
191	80
191	221
80	146
80	150
80	170
150	35
170	3
170	31
170	35
170	187
224	47
224	188
188	62
62	153
153	90
90	191
221	198
178	99
99	37
37	108
108	19
108	115
115	108
19	198
19	236
236	95
95	176
176	170
31	80
31	131
31	142
131	170
84	5
84	133
84	154
84	163
84	174
84	233
87	35
163	84
163	133
5	133
15	23
23	113
113	164
164	19
174	198
207	105
233	89
146	142
142	31
229	224
47	45
