# Directed graph: generated_jazz_song_93.txt 
# Nodes: 49 Edges: 84
# FromNodeId	ToNodeId
105	133
105	135
105	191
191	188
191	221
188	57
188	135
57	152
152	123
123	213
213	214
214	45
45	79
45	113
45	168
45	180
168	14
168	84
84	31
84	89
84	133
84	163
84	178
163	133
133	102
133	170
133	198
133	207
198	84
198	89
198	129
198	133
198	229
198	232
178	84
178	99
178	198
89	90
89	174
89	225
90	191
135	198
135	207
31	35
31	36
31	133
31	168
31	225
14	133
207	105
207	170
170	5
170	9
170	13
170	31
9	3
3	129
129	84
129	142
142	31
142	133
36	35
35	178
35	233
233	89
174	170
225	45
113	115
115	105
5	133
79	142
102	198
232	178
99	154
154	38
38	108
108	198
229	224
224	45
180	170
13	112
112	237
237	25
25	31
