# Directed graph: generated_jazz_song_25.txt 
# Nodes: 46 Edges: 81
# FromNodeId	ToNodeId
105	142
105	198
105	224
105	233
224	191
191	45
191	57
57	105
57	165
165	28
165	164
28	182
182	72
72	69
69	154
154	133
133	57
133	84
133	170
133	193
133	198
133	207
207	84
207	87
207	105
207	225
84	35
84	89
84	133
198	84
198	87
198	89
198	133
198	170
198	172
87	35
87	108
35	108
35	127
35	133
35	178
108	133
108	191
108	234
234	89
89	90
89	176
89	188
90	178
178	34
178	142
142	3
142	31
142	35
31	129
129	3
3	108
3	133
127	108
233	93
93	174
174	187
187	207
225	52
225	144
144	32
32	225
52	170
170	3
170	9
170	133
45	142
188	61
61	165
164	113
113	135
135	198
9	3
193	57
172	3
34	172
