# Directed graph: generated_song_20.txt 
# Nodes: 47 Edges: 77
# FromNodeId	ToNodeId
105	35
105	79
105	115
105	133
115	103
103	182
182	69
69	157
157	111
111	25
111	27
111	186
186	84
84	3
84	35
84	80
84	111
84	121
84	178
84	233
233	89
89	178
178	72
178	188
178	200
72	7
7	132
132	144
144	32
32	80
80	150
80	170
150	35
35	19
35	22
35	133
35	225
35	233
22	205
205	84
205	87
87	3
87	35
87	181
181	170
170	3
170	35
170	162
170	163
3	111
3	133
133	102
133	198
133	205
198	84
198	87
198	105
198	203
203	105
225	45
45	170
162	133
200	142
142	3
102	188
188	57
188	61
61	170
19	125
125	88
88	35
57	105
121	133
27	117
117	87
79	142
163	133
