# Directed graph: generated_jazz_song_73.txt 
# Nodes: 45 Edges: 81
# FromNodeId	ToNodeId
105	80
105	89
105	191
191	80
191	133
191	188
191	220
133	19
133	61
133	193
133	198
133	207
198	31
198	84
198	87
198	135
198	142
84	3
84	5
84	35
84	120
84	233
120	108
108	198
135	198
142	35
35	17
35	34
35	133
35	191
17	233
233	89
233	95
89	174
89	191
174	221
221	239
239	105
80	31
80	170
31	33
31	36
31	79
31	133
31	168
31	198
87	52
87	142
52	150
52	168
168	52
168	133
207	84
207	87
207	105
3	129
3	133
129	3
129	133
188	57
57	3
57	105
220	170
170	31
79	143
143	31
193	24
24	35
19	133
36	35
5	133
34	57
61	35
61	165
95	176
176	84
165	153
153	28
28	18
18	133
150	31
