# Directed graph: generated_jazz_song_13.txt 
# Nodes: 41 Edges: 74
# FromNodeId	ToNodeId
105	3
105	80
105	84
105	87
105	133
87	19
87	56
87	133
56	31
31	35
31	142
31	149
31	168
31	170
31	233
142	31
149	31
149	35
233	221
221	105
3	129
3	133
3	164
129	3
129	80
80	142
80	150
35	108
35	111
35	133
108	133
133	61
133	170
133	188
133	196
133	198
198	84
198	87
198	105
198	133
198	200
19	133
61	6
6	133
84	3
84	35
84	133
84	163
84	174
174	84
174	187
187	84
170	31
170	163
163	110
163	133
164	19
200	84
196	89
89	90
90	191
191	80
150	31
111	200
168	34
34	57
57	230
230	172
172	14
14	133
110	133
188	62
62	153
153	164
