# Directed graph: generated_song_29.txt 
# Nodes: 44 Edges: 83
# FromNodeId	ToNodeId
105	98
105	178
105	233
98	174
174	84
174	186
174	221
221	105
221	198
198	84
198	87
198	89
198	105
198	170
198	178
87	35
87	121
35	108
35	133
108	133
108	222
133	129
133	163
133	198
133	200
133	205
84	0
84	89
84	133
84	163
84	168
84	172
84	174
186	84
89	108
89	129
89	174
89	176
89	191
176	84
176	221
168	133
168	174
129	80
129	84
129	198
129	220
220	170
170	3
170	35
170	154
170	163
163	129
163	133
163	170
178	84
178	108
222	45
45	26
45	170
26	229
229	198
121	129
233	89
191	133
205	84
172	14
14	133
200	93
93	91
91	176
0	209
209	193
193	57
57	230
230	3
3	133
80	150
150	31
31	33
33	34
34	45
154	133
