# Directed graph: generated_jazz_song_12.txt 
# Nodes: 39 Edges: 75
# FromNodeId	ToNodeId
105	57
105	121
105	225
105	233
121	133
133	84
133	105
133	198
133	200
133	207
133	229
198	84
198	87
198	105
198	133
198	170
84	3
84	39
84	133
84	163
84	187
84	198
84	230
163	84
163	105
163	133
163	170
39	133
170	31
170	163
170	174
31	61
31	142
31	225
61	152
152	102
102	178
178	84
200	84
3	80
3	133
207	15
207	105
225	45
225	181
45	142
45	170
142	31
142	35
142	40
35	108
108	19
108	198
19	233
233	35
233	89
233	133
89	191
191	172
172	14
14	133
230	172
87	57
87	133
181	133
15	188
188	170
174	84
187	84
80	142
40	79
79	45
57	105
57	230
229	198
