# Directed graph: generated_jazz_song_15.txt 
# Nodes: 38 Edges: 73
# FromNodeId	ToNodeId
105	35
105	90
105	163
105	170
90	174
174	3
174	84
84	3
84	11
84	35
84	87
84	133
84	153
84	163
84	168
84	172
84	225
163	108
163	133
133	84
133	87
133	198
133	207
11	133
198	31
198	84
198	87
198	105
198	133
207	105
207	170
170	3
170	163
108	133
108	198
3	80
3	108
3	129
3	133
129	31
31	15
31	33
31	169
31	174
31	233
169	156
156	108
33	34
34	31
233	95
95	176
176	133
35	133
35	225
87	35
87	121
121	133
168	84
153	164
153	234
234	89
89	174
164	19
19	135
135	198
225	45
225	52
45	84
52	168
172	3
80	150
150	31
15	133
