# Directed graph: generated_jazz_song_37.txt 
# Nodes: 37 Edges: 74
# FromNodeId	ToNodeId
105	89
105	191
105	198
198	84
198	87
198	89
198	105
198	208
84	31
84	108
84	163
84	168
84	181
84	186
84	198
84	233
168	84
108	198
186	84
181	39
181	87
39	133
133	84
133	198
87	56
87	84
87	163
87	178
87	188
56	44
44	88
88	35
35	111
35	170
111	133
111	200
163	84
163	133
163	198
233	89
89	188
89	191
191	57
191	111
191	188
200	84
178	34
178	84
178	142
34	31
31	80
31	142
80	150
150	172
172	3
3	52
3	108
3	133
208	84
188	57
57	3
57	152
57	170
57	178
152	102
152	123
102	178
142	35
142	191
52	170
170	3
170	163
123	213
213	198
