# Directed graph: generated_jazz_song_75.txt 
# Nodes: 44 Edges: 84
# FromNodeId	ToNodeId
105	35
105	116
105	133
105	143
105	174
174	84
174	168
84	3
84	13
84	35
84	108
84	133
84	163
84	174
108	115
108	133
108	135
135	116
135	198
135	207
116	105
116	170
170	3
170	35
3	111
3	129
3	133
3	187
187	84
168	14
168	52
168	198
52	168
14	133
133	5
133	157
133	170
133	188
133	198
133	207
198	84
198	87
198	105
198	135
198	142
198	201
163	133
157	111
111	133
111	198
35	19
35	34
35	108
35	133
35	233
207	84
233	89
89	191
191	221
221	106
106	80
80	150
150	31
31	15
15	23
23	113
113	105
113	164
164	19
19	113
19	135
143	142
142	35
142	154
115	108
87	35
188	170
129	3
5	3
201	105
34	225
225	52
154	133
13	14
