# Directed graph: generated_jazz_song_83.txt 
# Nodes: 46 Edges: 79
# FromNodeId	ToNodeId
105	35
105	133
105	225
35	34
35	89
35	133
35	137
34	233
233	89
233	95
89	176
89	191
191	80
191	133
191	187
187	84
84	133
84	142
84	168
84	176
133	198
198	37
198	84
198	87
198	105
198	111
198	170
198	172
198	208
198	225
225	86
225	188
188	57
57	152
57	165
165	12
12	111
12	133
172	5
5	3
3	108
3	129
3	188
152	35
152	102
87	181
181	80
80	142
80	150
150	31
31	13
13	137
137	198
170	3
170	14
170	35
14	133
86	191
37	112
37	233
95	191
142	35
142	162
176	133
176	188
108	198
129	198
102	37
112	237
237	35
162	170
208	84
111	133
111	240
240	207
207	84
168	52
52	143
143	12
