# Directed graph: generated_rock_song_49.txt 
# Nodes: 33 Edges: 69
# FromNodeId	ToNodeId
44	13
44	17
44	53
44	55
44	57
44	70
44	72
44	78
44	101
44	108
44	114
72	3
3	55
55	13
55	101
55	114
55	127
13	44
13	76
13	95
13	114
101	13
101	44
101	55
101	76
95	13
95	39
95	70
39	55
39	114
114	13
114	44
114	101
114	105
76	39
76	99
76	114
70	44
70	101
70	108
127	55
99	24
24	67
67	95
108	44
108	50
17	114
50	131
131	27
131	51
27	44
27	81
27	91
27	131
91	5
5	27
5	33
5	81
81	27
81	131
51	61
61	5
33	121
121	5
78	101
57	26
26	76
53	138
138	44
