# Directed graph: generated_song_7.txt 
# Nodes: 50 Edges: 85
# FromNodeId	ToNodeId
105	35
105	45
105	89
105	142
105	191
45	140
140	79
140	123
79	143
79	191
191	3
191	80
191	176
191	188
191	221
3	133
3	211
211	175
175	142
142	0
142	31
142	35
142	39
142	154
39	25
25	35
35	89
35	133
35	191
176	84
176	188
188	57
57	105
57	152
57	170
89	191
170	10
170	154
10	111
111	200
200	84
84	94
84	129
84	133
84	168
84	233
94	188
152	102
102	178
178	105
0	65
65	142
31	79
31	133
31	142
31	149
31	176
149	31
143	31
154	9
154	69
154	142
69	154
133	170
133	198
133	207
9	3
198	84
198	105
221	198
233	84
168	198
80	146
80	150
146	36
36	35
150	31
129	31
207	124
124	213
213	214
214	51
51	140
123	98
98	3
