# Directed graph: generated_jazz_song_23.txt 
# Nodes: 43 Edges: 76
# FromNodeId	ToNodeId
105	35
105	80
105	84
105	125
105	172
105	174
172	3
172	14
14	129
14	133
133	80
133	84
133	198
133	207
198	84
198	87
198	102
198	105
198	108
84	89
84	105
84	111
84	142
84	168
84	172
84	181
84	193
84	198
168	133
193	112
112	207
207	84
207	105
89	191
191	105
80	57
80	146
80	150
150	35
35	108
35	133
35	137
108	115
108	133
108	137
108	198
181	143
143	35
102	178
178	34
34	131
131	14
146	78
78	148
148	61
61	165
165	153
153	90
90	108
137	198
87	133
87	164
3	108
111	133
125	135
135	198
174	87
164	26
26	229
229	198
142	35
142	115
115	105
115	108
129	80
57	105
