# Directed graph: generated_jazz_song_49.txt 
# Nodes: 41 Edges: 81
# FromNodeId	ToNodeId
105	35
105	84
35	34
35	38
35	108
35	133
34	225
225	45
225	52
225	181
52	168
52	181
168	52
181	143
143	35
143	142
143	191
191	31
191	108
191	176
176	80
80	142
80	150
150	35
133	84
133	194
133	198
133	207
84	3
84	31
84	89
84	133
84	174
84	187
84	191
84	225
3	105
3	133
194	84
207	84
187	84
89	174
89	191
89	225
174	84
174	221
174	224
45	113
45	173
45	233
233	89
31	35
31	80
31	142
31	151
31	174
142	31
142	35
173	141
141	133
141	231
198	84
198	105
198	133
198	143
198	172
172	3
108	198
108	222
222	45
113	123
123	213
213	42
42	188
188	135
135	207
221	198
151	84
224	45
231	89
38	133
