# Directed graph: generated_song_45.txt 
# Nodes: 46 Edges: 74
# FromNodeId	ToNodeId
105	35
105	98
105	191
105	233
35	22
35	31
35	108
35	133
35	233
133	198
133	200
198	84
198	102
198	105
198	225
225	45
225	188
45	26
26	123
123	213
213	82
82	69
69	154
69	164
164	19
19	133
19	135
200	105
191	136
136	80
80	142
80	150
150	35
22	105
233	86
233	89
89	174
174	15
174	168
174	186
174	220
168	133
31	84
31	133
84	89
84	133
84	163
84	170
84	225
170	35
170	154
108	133
108	198
86	174
15	133
102	69
154	19
154	28
28	108
98	79
79	142
142	31
186	84
220	170
135	99
99	188
188	57
188	100
57	3
3	129
129	80
163	133
100	46
46	100
