# Directed graph: generated_jazz_song_6.txt 
# Nodes: 40 Edges: 86
# FromNodeId	ToNodeId
105	35
105	69
105	79
105	233
69	154
154	9
154	108
9	3
3	108
3	129
3	133
129	57
129	84
129	198
57	170
170	3
170	9
170	31
170	108
170	154
170	163
133	35
133	115
133	121
133	163
133	198
163	84
163	133
163	198
198	35
198	84
198	87
198	89
198	105
198	133
198	170
84	3
84	57
84	142
84	168
84	170
84	174
84	178
84	233
178	84
233	89
89	129
89	168
89	174
174	84
174	168
168	14
168	84
168	230
230	89
121	133
79	98
79	139
98	79
139	133
108	133
108	185
108	188
108	198
115	108
14	135
135	205
205	84
185	170
31	80
31	129
31	170
80	142
142	0
142	31
0	209
209	195
195	133
87	163
35	31
35	34
35	108
34	225
225	45
45	105
188	57
