# Directed graph: generated_jazz_song_44.txt 
# Nodes: 37 Edges: 76
# FromNodeId	ToNodeId
105	69
105	80
105	163
105	172
172	3
172	14
3	108
3	129
3	133
3	135
108	133
108	135
108	172
108	198
108	233
198	84
198	105
198	142
198	163
198	170
198	172
198	225
142	5
142	31
142	35
5	3
5	133
133	3
133	116
133	170
133	198
170	3
170	35
170	85
129	134
129	198
134	133
14	133
163	133
80	57
80	142
57	230
230	5
116	170
85	89
89	174
89	191
174	84
84	3
84	35
84	108
84	133
69	164
164	19
19	198
35	31
35	108
35	133
35	154
35	233
233	89
233	95
191	136
191	186
136	80
95	191
186	84
135	80
135	198
225	52
52	150
150	35
31	35
31	36
36	35
154	142
