# Directed graph: generated_jazz_song_52.txt 
# Nodes: 44 Edges: 68
# FromNodeId	ToNodeId
105	35
105	135
105	178
178	188
188	84
84	35
84	55
84	108
84	133
84	142
84	168
84	193
133	84
133	198
198	84
198	105
198	133
198	170
198	208
208	84
35	108
35	133
35	187
168	52
168	213
213	214
214	51
51	61
61	6
6	8
8	22
22	205
205	25
25	35
187	84
55	64
64	57
57	34
57	105
108	133
108	198
108	210
108	233
193	24
193	57
34	31
31	3
31	35
31	142
31	193
24	31
142	31
142	56
170	35
135	198
52	181
181	39
39	111
111	240
240	207
207	84
3	133
233	89
89	174
174	142
56	44
44	88
88	35
