# Directed graph: generated_song_22.txt 
# Nodes: 43 Edges: 78
# FromNodeId	ToNodeId
105	172
105	176
105	191
172	3
172	14
3	133
133	163
133	187
133	198
133	207
198	31
198	35
198	84
198	105
198	133
84	19
84	35
84	57
84	133
84	163
84	172
84	178
163	131
163	198
35	22
35	68
35	133
35	200
35	233
131	53
131	142
53	133
187	169
169	124
124	224
224	45
45	142
142	35
142	129
142	154
154	57
57	35
57	105
57	178
57	188
207	84
207	105
188	57
188	170
191	57
191	80
178	99
178	108
99	188
170	3
170	31
176	133
14	129
14	133
19	112
112	207
31	79
31	131
233	89
89	191
80	142
200	37
37	108
108	35
108	188
79	148
148	150
150	35
22	105
129	47
129	186
47	45
186	84
