# Directed graph: generated_jazz_song_80.txt 
# Nodes: 45 Edges: 84
# FromNodeId	ToNodeId
105	35
105	89
105	181
105	191
105	225
89	188
89	191
89	233
191	80
191	133
191	172
191	176
191	198
133	170
133	198
133	200
133	205
133	207
198	84
198	87
198	105
198	208
198	213
198	219
80	150
150	35
35	3
35	34
35	111
35	137
34	35
111	133
207	87
207	105
207	124
172	4
4	133
205	121
205	207
87	89
87	186
87	191
219	45
45	105
45	140
140	123
123	87
233	89
188	170
170	3
170	154
3	108
3	133
137	198
84	121
84	178
84	205
178	37
178	84
121	133
121	198
208	84
124	225
225	45
225	52
52	142
142	3
108	35
108	129
108	133
213	133
154	133
200	99
99	178
37	108
37	233
186	37
176	61
61	14
14	133
181	170
129	31
129	198
31	129
