# Directed graph: generated_song_70.txt 
# Nodes: 43 Edges: 77
# FromNodeId	ToNodeId
105	35
105	45
105	191
105	225
105	233
45	142
45	170
170	14
170	154
170	163
163	133
133	19
133	198
133	205
133	207
19	87
19	133
198	84
198	105
198	133
84	57
84	133
84	142
84	168
84	174
84	205
84	230
205	84
205	207
207	84
207	133
207	178
225	45
225	52
142	31
142	35
31	61
31	80
80	150
150	35
35	19
35	108
35	133
230	5
5	108
108	112
108	237
237	198
233	89
89	191
191	57
191	188
191	221
188	170
154	133
154	142
57	35
57	165
112	207
178	34
34	225
168	84
61	6
61	153
6	22
22	133
87	78
78	148
148	61
153	130
130	198
221	84
221	105
174	221
52	170
14	133
165	105
