# Directed graph: generated_jazz_song_38.txt 
# Nodes: 45 Edges: 83
# FromNodeId	ToNodeId
105	170
105	191
191	84
191	133
191	176
176	84
176	221
84	35
84	61
84	89
84	129
84	164
84	168
84	172
84	174
84	176
84	178
84	186
84	233
164	19
19	84
19	233
233	89
89	45
89	186
89	191
186	84
168	31
168	84
168	133
31	142
31	225
142	0
142	31
0	3
3	80
3	108
3	129
3	133
3	187
129	80
129	142
129	198
198	84
198	200
172	3
80	150
150	5
5	3
108	133
108	198
178	99
178	188
188	135
135	207
207	105
170	3
170	163
187	84
61	6
6	133
133	19
133	163
133	170
133	198
35	133
174	108
225	52
52	168
163	133
163	198
99	37
37	133
200	93
93	191
221	84
45	115
45	140
45	170
140	122
122	224
224	45
115	224
