# Directed graph: generated_rock_song_62.txt 
# Nodes: 30 Edges: 67
# FromNodeId	ToNodeId
44	13
44	27
44	52
44	55
44	95
44	101
44	105
44	108
44	114
95	44
95	70
95	101
101	13
101	44
101	46
101	72
101	76
101	81
101	118
13	44
13	70
13	101
13	114
114	13
114	44
114	101
72	118
118	44
118	114
46	105
105	13
105	17
105	44
17	44
52	49
52	101
27	37
27	50
27	70
27	81
27	101
70	13
70	44
70	101
55	95
108	44
76	13
81	5
81	64
81	91
64	81
5	27
5	33
5	81
33	88
88	61
61	5
61	88
61	121
121	61
91	27
50	27
37	27
49	60
60	119
119	20
20	105
