# Directed graph: generated_jazz_song_3.txt 
# Nodes: 41 Edges: 76
# FromNodeId	ToNodeId
105	142
105	233
142	0
142	31
142	35
0	142
31	80
31	121
80	142
80	150
150	31
150	35
35	19
35	34
35	107
35	111
35	133
35	225
34	31
34	35
34	225
225	47
225	80
47	45
45	170
45	173
173	164
164	170
170	3
170	35
170	154
170	176
154	15
154	133
133	163
133	170
133	198
198	31
198	84
198	87
198	105
87	35
87	84
87	178
84	3
84	19
84	45
84	89
84	198
19	133
19	154
163	133
89	176
89	191
176	61
176	188
188	57
57	34
107	35
3	133
111	27
111	133
121	133
233	89
191	164
191	221
61	6
6	133
178	34
15	157
157	111
27	117
117	93
93	191
221	239
239	105
