# Directed graph: generated_jazz_song_30.txt 
# Nodes: 49 Edges: 86
# FromNodeId	ToNodeId
105	133
105	170
105	172
105	178
170	154
170	187
154	19
154	133
19	125
125	105
172	3
172	14
3	80
3	133
3	188
80	142
142	31
142	40
142	154
133	146
133	198
133	207
198	31
198	84
198	87
198	105
198	225
87	3
84	35
84	89
84	121
84	142
84	168
84	170
84	176
84	178
84	198
121	129
129	135
135	198
225	80
225	181
40	172
14	133
31	36
31	193
36	35
35	108
35	111
35	133
35	225
181	84
181	208
208	84
108	113
108	133
108	198
207	84
168	3
168	31
188	57
57	34
34	181
89	174
89	191
174	84
187	169
169	124
124	224
224	45
224	47
45	105
45	140
45	168
193	84
111	207
178	72
178	89
72	35
113	115
115	224
140	122
122	224
47	45
146	36
191	108
