# Directed graph: generated_song_69.txt 
# Nodes: 44 Edges: 82
# FromNodeId	ToNodeId
105	35
105	133
35	34
35	108
35	129
35	137
35	233
233	89
233	213
213	82
82	69
69	154
154	19
19	133
133	129
133	198
133	200
198	84
198	105
198	133
198	170
198	172
198	201
84	3
84	35
84	129
84	163
84	193
84	198
129	3
129	31
129	142
129	198
170	3
170	14
170	34
34	83
34	168
34	225
83	45
45	26
45	188
188	170
14	133
3	39
3	133
39	178
39	225
225	45
225	79
26	233
89	90
90	174
174	84
174	108
108	133
108	193
142	0
142	31
142	35
31	33
31	80
31	174
193	84
201	105
79	142
79	146
0	3
0	79
200	84
163	129
80	142
80	150
150	31
33	34
168	52
52	150
146	78
78	39
178	142
137	198
172	14
