# Directed graph: generated_song_17.txt 
# Nodes: 47 Edges: 81
# FromNodeId	ToNodeId
105	14
105	35
105	89
105	98
105	191
105	225
105	233
191	45
191	111
191	187
191	221
187	84
84	31
84	35
84	87
84	105
84	108
84	133
84	164
164	22
22	125
22	235
125	135
135	198
198	84
198	87
198	105
198	137
198	170
133	84
133	198
133	205
89	90
89	168
89	191
111	133
111	163
163	133
87	133
87	164
35	111
35	133
170	5
170	14
170	133
14	110
14	133
5	12
12	133
235	216
216	191
221	84
137	198
31	80
31	181
181	39
39	225
225	52
225	80
225	188
80	150
80	170
150	31
233	89
90	191
45	169
169	124
124	225
52	142
142	35
110	133
108	200
200	37
37	178
178	89
168	133
205	84
188	57
57	105
98	3
3	133
