# Directed graph: generated_jazz_song_95.txt 
# Nodes: 44 Edges: 82
# FromNodeId	ToNodeId
105	35
105	79
105	89
105	133
105	191
105	198
105	233
79	142
142	3
142	35
35	108
35	133
35	197
108	133
108	193
193	31
31	36
31	178
36	35
197	108
133	3
133	80
133	111
133	170
133	198
133	202
133	205
202	84
84	105
84	133
84	142
84	163
84	174
84	198
84	233
205	84
205	106
205	207
198	84
198	105
198	133
198	137
207	106
106	3
106	87
3	129
3	133
3	187
3	230
89	191
191	172
191	188
191	198
188	57
57	105
80	150
150	35
170	3
187	84
172	3
129	133
230	5
5	3
87	168
87	198
168	31
168	34
34	225
225	45
45	140
140	198
163	84
163	133
111	200
200	87
137	198
233	89
233	95
95	176
176	84
174	168
178	105
