# Directed graph: generated_song_95.txt 
# Nodes: 51 Edges: 83
# FromNodeId	ToNodeId
105	84
105	89
105	172
172	3
172	14
3	108
3	133
133	87
133	163
133	170
133	198
133	205
198	35
198	84
198	105
198	170
198	200
84	3
84	79
84	111
84	142
84	174
84	198
79	98
79	142
142	0
142	31
142	35
142	40
0	3
205	133
170	31
170	154
170	164
31	108
31	193
31	236
236	95
95	192
192	130
130	198
14	129
129	31
129	162
193	57
57	165
165	138
138	125
125	135
135	198
200	102
102	230
230	5
230	129
162	133
154	9
154	142
9	3
35	108
35	187
108	133
108	198
164	19
19	133
163	133
111	117
117	106
106	154
187	169
169	124
124	225
225	79
174	186
174	198
40	79
40	80
80	150
150	40
98	174
186	84
89	230
5	108
87	102
