# Directed graph: generated_rock_song_53.txt 
# Nodes: 31 Edges: 78
# FromNodeId	ToNodeId
44	13
44	17
44	27
44	55
44	95
44	101
44	103
44	114
44	131
114	13
114	17
114	44
114	72
114	101
114	117
13	55
13	76
13	95
13	101
13	110
101	0
101	13
101	27
101	44
101	76
101	114
0	55
0	76
0	127
76	13
76	24
76	72
76	78
95	0
95	13
95	44
95	50
95	70
95	101
55	0
55	95
55	114
78	110
110	44
17	13
17	105
17	138
117	44
138	102
102	17
105	13
24	39
24	61
24	67
67	0
127	76
72	95
70	44
103	114
39	114
50	5
50	81
5	50
5	81
5	114
5	121
121	43
43	24
61	5
131	27
131	81
27	44
27	50
27	101
81	33
81	50
81	131
33	5
