# Directed graph: generated_jazz_song_41.txt 
# Nodes: 38 Edges: 66
# FromNodeId	ToNodeId
105	35
105	108
105	191
35	45
35	108
35	110
35	133
45	108
108	133
108	154
108	198
154	133
154	234
133	198
133	200
133	205
133	207
198	84
198	105
198	106
198	133
198	170
198	208
170	14
170	154
170	176
170	187
234	135
135	198
106	80
80	150
150	172
172	14
14	19
14	133
19	198
84	3
84	35
84	133
84	163
84	198
3	129
129	198
110	133
176	84
176	184
184	79
79	142
142	0
0	107
107	0
107	191
191	170
191	188
187	170
207	133
207	170
208	84
188	61
61	84
200	93
93	91
91	176
163	133
205	25
25	35
