# Directed graph: generated_jazz_song_4.txt 
# Nodes: 48 Edges: 89
# FromNodeId	ToNodeId
105	89
105	90
105	233
233	89
233	95
89	102
89	176
89	191
89	213
102	188
102	230
188	57
188	102
188	133
57	154
57	170
154	28
154	57
170	3
170	154
28	18
28	133
18	188
230	5
5	129
129	142
142	31
142	34
31	108
31	142
31	168
168	52
168	213
52	168
213	82
213	178
82	123
123	224
224	45
45	140
45	173
140	198
198	84
198	89
198	105
198	135
198	200
198	225
84	3
84	35
84	89
84	163
84	176
84	233
35	108
108	135
108	170
108	198
135	87
135	198
135	207
87	105
90	191
191	3
191	31
191	80
80	150
150	31
163	170
3	108
3	111
3	133
3	135
207	84
95	191
34	131
131	170
111	198
133	108
133	198
133	205
176	133
176	188
205	84
178	99
178	108
99	178
200	28
225	45
