# Directed graph: generated_jazz_song_28.txt 
# Nodes: 49 Edges: 87
# FromNodeId	ToNodeId
105	45
105	98
105	143
105	191
45	88
88	35
35	22
35	84
35	108
35	133
133	87
133	193
133	198
133	205
198	75
198	84
198	87
198	105
198	170
98	3
3	133
205	25
205	87
87	52
87	56
87	106
87	198
106	3
25	35
108	3
108	133
108	205
193	57
193	112
112	233
233	89
233	95
89	1
1	17
17	233
95	191
191	31
191	37
191	221
37	108
56	44
44	88
170	14
14	133
84	35
84	108
84	133
84	193
52	80
52	150
52	173
150	31
31	52
31	80
31	133
31	142
31	169
80	57
80	142
57	34
57	165
165	153
153	164
164	19
19	84
19	198
75	31
173	141
141	237
237	52
142	31
142	35
142	154
34	225
225	79
79	143
143	142
143	191
154	19
22	133
221	105
169	31
