# Directed graph: generated_jazz_song_66.txt 
# Nodes: 44 Edges: 84
# FromNodeId	ToNodeId
105	35
105	80
105	133
105	224
224	45
45	168
45	170
45	173
168	84
168	133
133	84
133	87
133	198
133	205
133	207
198	84
198	87
198	105
198	129
35	170
35	191
35	225
225	45
225	188
173	133
205	25
205	208
25	233
233	89
233	93
93	174
174	142
142	31
142	35
31	80
80	57
80	142
57	3
57	164
57	170
3	108
3	133
84	0
84	3
84	20
84	35
84	94
84	105
84	133
84	168
84	198
84	233
0	107
107	191
191	57
191	176
191	185
176	84
94	158
158	191
185	170
170	3
170	34
170	164
164	19
164	133
87	102
87	133
108	185
108	198
207	87
102	188
188	57
188	61
34	225
61	6
6	8
8	22
22	205
208	84
89	45
20	198
129	84
19	108
