# Directed graph: generated_rock_song_7.txt 
# Nodes: 27 Edges: 63
# FromNodeId	ToNodeId
44	13
44	27
44	52
44	55
44	72
44	95
44	101
44	114
44	131
114	13
114	44
114	55
114	70
114	101
13	44
13	76
13	101
13	110
13	114
70	0
70	13
70	27
70	114
101	13
101	44
101	72
101	76
101	114
101	117
117	44
117	72
55	0
55	39
55	101
55	114
55	138
0	55
0	127
138	105
105	114
110	44
39	114
76	24
76	101
131	44
131	108
108	44
27	47
27	51
47	101
127	76
24	61
61	5
5	81
81	108
95	13
95	44
95	70
51	131
72	3
72	95
3	70
52	101
