# Directed graph: generated_song_16.txt 
# Nodes: 49 Edges: 88
# FromNodeId	ToNodeId
105	35
105	80
105	89
80	142
80	150
142	0
142	31
142	35
142	80
31	36
31	80
31	178
31	191
31	225
178	77
178	142
77	142
35	31
35	34
35	54
35	79
35	108
35	154
35	191
79	148
148	61
61	105
34	35
34	57
34	70
54	31
150	34
70	147
147	34
57	165
165	164
164	19
19	133
19	198
19	233
233	89
233	95
89	174
89	191
191	3
191	105
191	172
191	220
3	108
3	133
108	31
108	198
108	234
234	89
174	19
198	84
198	87
198	200
200	102
102	80
0	107
107	0
107	35
225	45
45	140
140	123
123	213
213	191
220	84
84	3
84	35
84	163
84	233
163	84
163	133
133	198
133	207
87	35
172	14
14	133
95	178
36	35
154	19
154	69
154	142
207	170
170	154
69	154
