# Directed graph: generated_song_41.txt 
# Nodes: 50 Edges: 82
# FromNodeId	ToNodeId
105	35
105	133
133	115
133	170
133	198
133	205
133	207
198	25
198	35
198	75
198	80
198	84
198	87
198	142
142	35
142	39
142	40
142	80
35	34
35	102
35	133
35	225
84	3
84	5
84	142
84	178
5	133
207	87
207	133
87	105
87	108
87	133
87	233
225	52
52	168
168	133
25	232
232	108
108	19
108	133
19	133
19	198
39	111
111	164
164	133
80	142
80	150
150	34
34	35
34	181
181	35
102	69
69	157
157	161
161	154
154	133
170	3
170	14
3	129
129	14
129	198
75	31
31	97
97	89
89	174
174	19
174	224
205	84
178	99
99	233
233	86
233	191
191	133
14	110
14	133
110	198
86	174
224	45
45	140
140	163
163	170
115	108
