# Directed graph: generated_song_48.txt 
# Nodes: 48 Edges: 80
# FromNodeId	ToNodeId
105	3
105	121
105	135
105	233
3	129
3	133
133	80
133	84
133	146
133	170
133	194
133	198
80	142
142	0
142	3
142	35
129	198
198	84
198	87
198	105
198	133
198	170
198	172
198	203
233	89
89	191
191	57
191	80
191	185
185	223
223	45
45	142
35	108
35	133
108	198
108	237
237	198
84	0
84	35
84	133
84	153
84	178
84	181
84	186
84	187
84	201
186	37
37	108
87	133
194	198
181	143
143	35
170	3
170	14
14	110
14	133
110	133
153	90
90	191
57	105
121	129
172	14
146	78
78	148
148	61
61	55
55	87
0	107
0	209
107	191
209	193
193	84
203	105
135	207
207	84
201	84
178	84
178	99
99	102
102	178
