# Directed graph: generated_song_86.txt 
# Nodes: 56 Edges: 90
# FromNodeId	ToNodeId
105	110
105	191
191	84
191	142
142	0
142	31
142	40
142	80
0	209
209	193
193	123
123	224
224	45
45	142
45	233
31	36
31	133
31	142
31	174
133	87
133	129
133	168
133	188
133	198
133	200
133	202
133	205
168	84
168	172
84	5
84	35
84	45
84	163
84	168
84	205
84	225
163	133
200	84
205	84
205	198
35	34
35	112
35	157
34	233
233	89
233	213
213	214
214	51
51	61
61	6
6	133
198	84
198	87
198	105
198	133
198	208
87	78
87	198
112	236
236	95
95	178
178	84
172	14
14	133
188	170
170	12
12	133
78	39
39	111
111	133
202	84
89	191
5	3
3	133
110	133
129	142
40	79
79	142
80	150
150	31
174	84
225	80
225	144
144	32
32	225
36	35
157	108
157	111
108	157
208	84
