# Directed graph: generated_jazz_song_63.txt 
# Nodes: 44 Edges: 79
# FromNodeId	ToNodeId
105	35
105	133
105	143
105	198
35	34
35	68
35	108
35	111
35	112
35	133
34	31
31	129
31	178
129	47
47	45
45	173
173	141
141	237
237	170
170	3
170	35
3	108
3	133
108	133
108	137
108	188
108	198
188	57
57	34
57	165
165	234
234	89
89	178
89	191
191	142
191	188
142	3
142	35
142	172
172	3
172	14
133	198
133	207
198	22
198	84
198	87
198	105
198	106
198	133
198	135
198	200
106	35
135	207
207	84
207	104
84	35
84	89
84	133
84	172
84	174
84	198
174	108
200	105
112	237
68	89
178	105
178	142
143	3
87	181
181	150
150	3
22	205
205	84
104	80
80	142
137	198
14	133
111	186
186	84
