# Directed graph: generated_song_79.txt 
# Nodes: 47 Edges: 88
# FromNodeId	ToNodeId
105	35
105	143
105	233
143	191
191	185
191	225
225	45
45	142
45	170
142	3
3	39
3	129
3	133
133	19
133	57
133	164
133	198
133	200
133	205
133	207
207	84
207	105
207	170
35	133
84	3
84	31
84	89
84	121
84	174
89	3
89	102
89	108
89	191
102	178
102	198
178	55
55	69
69	154
154	9
154	28
154	57
154	133
9	3
129	3
198	84
198	89
198	170
198	200
170	3
170	31
170	108
170	154
170	188
164	19
164	133
19	84
19	154
121	133
108	198
108	237
200	84
200	102
185	224
224	45
31	33
31	80
31	133
80	150
150	31
33	34
34	133
205	84
205	213
213	82
82	69
57	165
57	170
57	230
165	164
237	105
233	89
39	133
28	135
135	205
174	3
188	57
230	72
72	35
