5.667789080691788683e+01
7.002100559659108114e+01
1.377706066027515988e+02
3.962048709021018311e+01
1.527693366392464611e+02
9.665028178712468332e+01
5.477891680805197439e+01
2.758459435606856047e+01
2.021880373439233836e+02
4.818649338071714539e+01
1.039646231039330786e+02
1.040775335618949242e+02
1.116017412882080464e+02
7.376410276782912945e+01
3.126824295462667536e+01
2.627325613462114973e+01
1.126802405535023723e+02
7.955555421777006586e+01
3.621814286560521623e+01
1.260456584245858913e+01
6.981501129749344159e+01
2.247166833732189559e+02
3.726910702978827317e+01
2.282524632766750727e+01
9.260923597695478904e+00
5.086581869821529267e+01
5.485510799304087470e+01
9.222255689363637998e+01
2.479748460466195183e+02
1.574960316960398927e+02
9.785485434603623744e+00
5.429999999999998863e+02
1.594999999999999716e+02
7.003617332329410772e+01
1.633333333333333215e+01
1.199999999999999645e+01
1.202537966542266723e+01
1.551343503762679354e+01
2.608745973749754654e+01
9.308570488323246295e+00
1.077777777777777501e+01
1.179999999999999716e+02
1.182235377496747901e+02
2.804055504573201674e+01
3.529999999999999432e+02
3.175070302933688993e+01
4.299999999999999289e+01
2.363333333333333144e+02
1.219999999999999716e+02
8.299999999999998579e+01
3.563333333333333144e+02
1.481941294383822765e+02
5.643580423808984392e+01
1.825460953377993434e+01
1.514885490319478656e+01
1.358711728430872512e+01
2.007604590171129644e+01
5.887750823200448735e+01
6.400614930297226834e+00
4.199999999999999289e+01
1.744444444444443931e+01
1.044999999999999716e+02
8.966666666666664298e+01
5.263055775646024870e+01
5.778429189878424133e+00
1.629999999999999716e+02
5.699999999999999289e+01
-3.333333333333333148e-01
1.633333333333333215e+01
4.966666666666665719e+01
7.999999999999998224e+00
2.966666666666666430e+01
7.999999999999998224e+00
1.633333333333333215e+01
1.029999999999999858e+02
1.096666666666666430e+02
6.333333333333332149e+00
6.633333333333331439e+01
3.966666666666666430e+01
1.966666666666666430e+01
6.333333333333332149e+00
6.333333333333332149e+00
6.333333333333332149e+00
-3.333333333333333148e-01
2.299999999999999645e+01
2.299999999999999645e+01
4.633333333333332860e+01
4.633333333333332860e+01
4.299999999999999289e+01
9.499999999999998224e+00
6.333333333333332149e+00
1.299999999999999822e+01
6.333333333333332149e+00
8.299999999999998579e+01
4.633333333333332860e+01
8.901904427650546126e+00
1.299999999999999822e+01
8.966666666666664298e+01
5.299999999999999289e+01
-3.333333333333333148e-01
1.966666666666666430e+01
2.633333333333333215e+01
5.299999999999999289e+01
2.633333333333333215e+01
3.633333333333332860e+01
1.966666666666666430e+01
4.666666666666666075e+00
2.999999999999999556e+00
1.966666666666666430e+01
2.999999999999999556e+00
1.966666666666666430e+01
6.333333333333332149e+00
-3.333333333333333148e-01
-3.333333333333333148e-01
-3.333333333333333148e-01
-3.333333333333333148e-01
1.966666666666666430e+01
-3.333333333333333148e-01
2.966666666666666430e+01
-3.333333333333333148e-01
2.299999999999999645e+01
6.333333333333332149e+00
3.299999999999999289e+01
1.299999999999999822e+01
1.633333333333333215e+01
1.299999999999999822e+01
6.333333333333332149e+00
-3.333333333333333148e-01
2.999999999999999556e+00
-3.333333333333333148e-01
9.666666666666664298e+00
6.333333333333332149e+00
-3.333333333333333148e-01
-3.333333333333333148e-01
-3.333333333333333148e-01
6.333333333333332149e+00
-3.333333333333333148e-01
1.633333333333333215e+01
1.966666666666666430e+01
1.299999999999999822e+01
1.299999999999999822e+01
-3.333333333333333148e-01
6.333333333333332149e+00
-3.333333333333333148e-01
-3.333333333333333148e-01
1.299999999999999822e+01
6.333333333333332149e+00
1.299999999999999822e+01
6.333333333333332149e+00
6.333333333333332149e+00
2.999999999999999556e+00
-3.333333333333333148e-01
-3.333333333333333148e-01
-3.333333333333333148e-01
-3.333333333333333148e-01
-3.333333333333333148e-01
-3.333333333333333148e-01
-3.333333333333333148e-01
1.299999999999999822e+01
3.299999999999999289e+01
6.333333333333332149e+00
6.333333333333332149e+00
-3.333333333333333148e-01
-3.333333333333333148e-01
-3.333333333333333148e-01
-3.333333333333333148e-01
6.333333333333332149e+00
-3.333333333333333148e-01
-3.333333333333333148e-01
-3.333333333333333148e-01
-3.333333333333333148e-01
-3.333333333333333148e-01
-3.333333333333333148e-01
-3.333333333333333148e-01
-3.333333333333333148e-01
-3.333333333333333148e-01
6.333333333333332149e+00
-3.333333333333333148e-01
-3.333333333333333148e-01
-3.333333333333333148e-01
6.333333333333332149e+00
6.333333333333332149e+00
-3.333333333333333148e-01
6.333333333333332149e+00
-3.333333333333333148e-01
2.999999999999999556e+00
-3.333333333333333148e-01
6.333333333333332149e+00
-3.333333333333333148e-01
-3.333333333333333148e-01
-3.333333333333333148e-01
-3.333333333333333148e-01
-3.333333333333333148e-01
-3.333333333333333148e-01
-3.333333333333333148e-01
-3.333333333333333148e-01
-3.333333333333333148e-01
-3.333333333333333148e-01
